2.4837e-05 0.000102851 2.42742e-05 1.0305e+09 16407.7 4.135e+07 1.0704e+09 21758.7 0.00471374 -6.711e+08 27286.1 3.53945e-06 34660.1 4.016e+08 9.16e+07 
82.1192 277.053 64.6719 1.02956e+09 3.28231e+07 4.12946e+07 1.0695e+09 4.35261e+07 12476.2 -6.68847e+08 5.45383e+07 9.12328 6.90195e+07 3.9578e+08 9.02725e+07 
391.218 1112.35 256.846 1.02675e+09 6.55774e+07 4.11304e+07 1.06681e+09 8.69526e+07 48638.7 -6.62108e+08 1.08684e+08 35.4 1.36004e+08 3.7849e+08 8.6329e+07 
1020.14 2502.16 571.506 1.02206e+09 9.82242e+07 4.08615e+07 1.06234e+09 1.30225e+08 105302 -6.50927e+08 1.621e+08 77.7791 1.99034e+08 3.50199e+08 7.98761e+07 
2057.97 4428.32 1000.38 1.01548e+09 1.30705e+08 4.04935e+07 1.05609e+09 1.73269e+08 178448 -6.35375e+08 2.14428e+08 135.958 2.56247e+08 3.11677e+08 7.10897e+07 
3587.84 6858.84 1532.05 1.007e+09 1.62958e+08 4.00315e+07 1.04809e+09 2.16013e+08 264188 -6.15553e+08 2.65314e+08 210.365 3.0592e+08 2.63988e+08 6.02124e+07 
5684.71 9748.64 2152.17 9.96623e+08 1.94918e+08 3.94799e+07 1.03834e+09 2.58386e+08 359233 -5.91587e+08 3.14415e+08 302.105 3.46515e+08 2.08469e+08 4.75491e+07 
8413.18 13040.7 2843.72 9.84327e+08 2.26517e+08 3.88421e+07 1.02686e+09 3.0032e+08 460989 -5.63635e+08 3.61397e+08 412.877 3.76724e+08 1.46705e+08 3.34616e+07 
11825.4 16667.7 3587.37 9.70105e+08 2.57686e+08 3.81205e+07 1.01367e+09 3.41747e+08 567464 -5.31876e+08 4.05939e+08 544.868 3.95516e+08 8.05007e+07 1.8361e+07 
15959 20553.5 4361.89 9.53949e+08 2.88351e+08 3.73169e+07 9.98806e+08 3.82598e+08 677138 -4.96519e+08 4.47734e+08 700.622 4.02179e+08 1.1832e+07 2.69831e+06 
20835.2 24616.1 5144.73 9.35847e+08 3.18437e+08 3.64328e+07 9.82279e+08 4.22807e+08 788841 -4.57794e+08 4.86492e+08 882.901 3.96353e+08 -5.71986e+07 -1.3047e+07 
26458 28769.9 5912.64 9.15788e+08 3.47865e+08 3.5469e+07 9.6412e+08 4.62309e+08 901656 -4.15956e+08 5.21943e+08 1094.52 3.78066e+08 -1.24425e+08 -2.83807e+07 
32812.3 32929.4 6642.42 8.93762e+08 3.76553e+08 3.44262e+07 9.44359e+08 5.01037e+08 1.01485e+06 -3.71283e+08 5.53836e+08 1338.21 3.47745e+08 -1.87685e+08 -4.28098e+07 
39864.5 37012.2 7311.72 8.69755e+08 4.04411e+08 3.33051e+07 9.23029e+08 5.38927e+08 1.12782e+06 -3.2407e+08 5.81943e+08 1616.42 3.06229e+08 -2.44895e+08 -5.58591e+07 
47562.5 40942.9 7899.89 8.43755e+08 4.31349e+08 3.2106e+07 9.00164e+08 5.75919e+08 1.24008e+06 -2.74635e+08 6.06058e+08 1931.22 2.5475e+08 -2.9413e+08 -6.70895e+07 
55837.2 44657.1 8388.79 8.1575e+08 4.57264e+08 3.08293e+07 8.75801e+08 6.11949e+08 1.35118e+06 -2.2331e+08 6.26004e+08 2284.14 1.94908e+08 -3.33702e+08 -7.61157e+07 
64604.6 48104.4 8763.62 7.85728e+08 4.82053e+08 2.94753e+07 8.49981e+08 6.46957e+08 1.46076e+06 -1.70443e+08 6.41628e+08 2676.09 1.28622e+08 -3.6223e+08 -8.2623e+07 
73769.1 51251.5 9013.59 7.53675e+08 5.05598e+08 2.80443e+07 8.22745e+08 6.80886e+08 1.56849e+06 -1.16395e+08 6.52808e+08 3107.33 5.80617e+07 -3.78709e+08 -8.63819e+07 
83227.2 54084.8 9132.4 7.19583e+08 5.27777e+08 2.65368e+07 7.94138e+08 7.13679e+08 1.67406e+06 -6.15369e+07 6.5945e+08 3577.48 -1.4432e+07 -3.82551e+08 -8.72586e+07 
92871.3 56611.3 9118.56 6.83441e+08 5.48454e+08 2.49531e+07 7.64207e+08 7.45279e+08 1.7772e+06 -6.24875e+06 6.61491e+08 4085.69 -8.64413e+07 -3.7362e+08 -8.5222e+07 
102595 58859.4 8975.5 6.45242e+08 5.67482e+08 2.3294e+07 7.33001e+08 7.75635e+08 1.87766e+06 4.90841e+07 6.589e+08 4631.04 -1.55568e+08 -3.52234e+08 -8.03447e+07 
112296 60878 8711.32 6.04985e+08 5.84699e+08 2.15603e+07 7.0057e+08 8.04694e+08 1.97522e+06 1.04073e+08 6.51679e+08 5213.3 -2.19528e+08 -3.19153e+08 -7.27997e+07 
121884 62734.8 8338.46 5.62671e+08 5.99928e+08 1.9753e+07 6.6697e+08 8.32408e+08 2.06965e+06 1.58329e+08 6.39861e+08 5834.91 -2.76244e+08 -2.75539e+08 -6.28523e+07 
131277 64514.1 7873.08 5.18309e+08 6.12971e+08 1.78736e+07 6.32253e+08 8.58729e+08 2.16075e+06 2.11467e+08 6.23515e+08 6506.06 -3.23919e+08 -2.22902e+08 -5.08472e+07 
140412 66313.7 7334.33 4.71918e+08 6.23613e+08 1.59241e+07 5.96479e+08 8.83612e+08 2.24835e+06 2.63104e+08 6.0274e+08 7262.44 -3.61093e+08 -1.63037e+08 -3.71931e+07 
149240 68241.2 6743.53 4.23527e+08 6.3161e+08 1.3907e+07 5.59705e+08 9.07015e+08 2.33225e+06 3.1287e+08 5.7767e+08 8253.2 -3.8669e+08 -9.79385e+07 -2.23457e+07 
157733 70411 6123.29 3.73184e+08 6.36692e+08 1.18254e+07 5.21994e+08 9.28897e+08 2.41231e+06 3.60407e+08 5.48474e+08 10198.9 -4.00036e+08 -2.97317e+07 -6.78935e+06 
165876 72940.4 5496.7 3.20961e+08 6.38555e+08 9.68356e+06 4.83407e+08 9.49221e+08 2.48836e+06 4.05361e+08 5.15356e+08 13652.7 -4.00863e+08 3.94121e+07 8.98064e+06 
173675 75946.5 4886.48 2.6696e+08 6.36866e+08 7.48785e+06 4.44008e+08 9.6795e+08 2.56026e+06 4.47398e+08 4.78537e+08 17502.1 -3.89301e+08 1.07345e+08 2.44744e+07 
181146 79543.8 4314.31 2.11321e+08 6.31251e+08 5.2462e+06 4.03864e+08 9.85053e+08 2.62788e+06 4.86206e+08 4.38268e+08 21344.2 -3.65854e+08 1.7201e+08 3.92224e+07 
188322 83841.2 3800.17 1.54236e+08 6.21291e+08 2.96874e+06 3.6304e+08 1.0005e+09 2.69109e+06 5.21499e+08 3.94832e+08 25089.2 -3.31366e+08 2.31492e+08 5.27885e+07 
195243 88940.5 3361.78 9.59683e+07 6.06523e+08 668701 3.21606e+08 1.01426e+09 2.74979e+06 5.53012e+08 3.48535e+08 28694.2 -2.86981e+08 2.84073e+08 6.478e+07 
201954 94934.3 3014.19 3.68712e+07 5.86439e+08 -1.63669e+06 2.79631e+08 1.02632e+09 2.80387e+06 5.8051e+08 2.99709e+08 32127.5 -2.34105e+08 3.28262e+08 7.48571e+07 
208506 101905 2769.35 -2.25796e+07 5.60488e+08 -3.92498e+06 2.37184e+08 1.03664e+09 2.85324e+06 6.03786e+08 2.48703e+08 35362.2 -1.74355e+08 3.62828e+08 8.2739e+07 
214944 109921 2635.82 -8.17524e+07 5.28096e+08 -6.16692e+06 1.94338e+08 1.04522e+09 2.89781e+06 6.22664e+08 1.95886e+08 38374.8 -1.09513e+08 3.86822e+08 8.82085e+07 
221309 119038 2618.49 -1.39815e+08 4.88688e+08 -8.32432e+06 1.51163e+08 1.05203e+09 2.93751e+06 6.37e+08 1.41642e+08 41144.9 -4.1484e+07 3.99596e+08 9.11157e+07 
227631 129293 2718.41 -1.9569e+08 4.41747e+08 -1.03503e+07 1.07734e+08 1.05706e+09 2.97227e+06 6.46688e+08 8.6365e+07 43654.8 2.7751e+07 4.00802e+08 9.13818e+07 
233922 140700 2932.67 -2.48017e+08 3.8689e+08 -1.21886e+07 6.41222e+07 1.06031e+09 3.00203e+06 6.51653e+08 3.04582e+07 45889.9 9.61871e+07 3.90407e+08 8.9001e+07 
240177 153242 3254.36 -2.95141e+08 3.23998e+08 -1.37715e+07 2.04025e+07 1.06176e+09 3.02674e+06 6.51857e+08 -2.56699e+07 47838.3 1.61838e+08 3.68692e+08 8.40381e+07 
246372 166864 3672.82 -3.35151e+08 2.5337e+08 -1.50229e+07 -2.33513e+07 1.06141e+09 3.04634e+06 6.47299e+08 -8.1609e+07 49491.1 2.22781e+08 3.36245e+08 7.6628e+07 
252471 181464 4174.08 -3.66025e+08 1.75897e+08 -1.58653e+07 -6.70651e+07 1.05927e+09 3.0608e+06 6.38015e+08 -1.36951e+08 50841.5 2.77203e+08 2.93955e+08 6.69736e+07 
258437 196886 4741.66 -3.85887e+08 9.31816e+07 -1.62308e+07 -1.10665e+08 1.05532e+09 3.07009e+06 6.24074e+08 -1.91291e+08 51884.9 3.23449e+08 2.42996e+08 5.5343e+07 
264252 212920 5357.59 -3.93353e+08 7.50346e+06 -1.60751e+07 -1.54076e+08 1.04959e+09 3.07417e+06 6.05584e+08 -2.44234e+08 52618.1 3.60066e+08 1.84808e+08 4.20647e+07 
269930 229323 6003.38 -3.87854e+08 -7.84125e+07 -1.53898e+07 -1.97225e+08 1.04207e+09 3.07304e+06 5.82684e+08 -2.95396e+08 53038.1 3.85852e+08 1.21068e+08 2.75212e+07 
275527 245840 6660.62 -3.69784e+08 -1.618e+08 -1.42058e+07 -2.40038e+08 1.03278e+09 3.06669e+06 5.55547e+08 -3.44408e+08 53140.4 3.99896e+08 5.36519e+07 1.21409e+07 
281131 262227 7311.11 -3.40401e+08 -2.40269e+08 -1.25871e+07 -2.82442e+08 1.02174e+09 3.05514e+06 5.24379e+08 -3.90918e+08 52917.6 4.01623e+08 -1.5406e+07 -3.61253e+06 
286843 278277 7936.67 -3.01523e+08 -3.12084e+08 -1.06171e+07 -3.24364e+08 1.00895e+09 3.0384e+06 4.89414e+08 -4.34592e+08 52355.5 3.90824e+08 -8.39706e+07 -1.92519e+07 
292757 293820 8518.97 -2.55175e+08 -3.7623e+08 -8.38379e+06 -3.65734e+08 9.94445e+08 3.01649e+06 4.50912e+08 -4.75123e+08 51430.9 3.67683e+08 -1.49869e+08 -3.42816e+07 
298944 308723 9039.68 -2.03309e+08 -4.32312e+08 -5.96889e+06 -4.06479e+08 9.78244e+08 2.98945e+06 4.0916e+08 -5.12225e+08 50107.7 3.32792e+08 -2.1096e+08 -4.82134e+07 
305441 322887 9480.94 -1.47642e+08 -4.80394e+08 -3.44198e+06 -4.4653e+08 9.60375e+08 2.95732e+06 3.64468e+08 -5.4564e+08 48337.5 2.87148e+08 -2.65214e+08 -6.05846e+07 
312251 336235 9826.19 -8.95915e+07 -5.20828e+08 -859044 -4.85817e+08 9.40866e+08 2.92015e+06 3.17164e+08 -5.7514e+08 46065.8 2.32135e+08 -3.10791e+08 -7.09752e+07 
319341 348716 10061 -3.02867e+07 -5.54122e+08 1.73658e+06 -5.24275e+08 9.19751e+08 2.87802e+06 2.67594e+08 -6.00526e+08 43248.6 1.69485e+08 -3.46117e+08 -7.90263e+07 
326652 360298 10173.9 2.93992e+07 -5.80851e+08 4.31215e+06 -5.61835e+08 8.97063e+08 2.83097e+06 2.16117e+08 -6.21629e+08 39879.1 1.01227e+08 -3.69952e+08 -8.44556e+07 
334101 370966 10157.2 8.88016e+07 -6.01596e+08 6.84338e+06 -5.98434e+08 8.72842e+08 2.7791e+06 1.63104e+08 -6.38312e+08 36093.4 2.96088e+07 -3.81455e+08 -8.70705e+07 
341590 380728 10007.5 1.47424e+08 -6.16927e+08 9.311e+06 -6.34009e+08 8.47128e+08 2.72249e+06 1.08924e+08 -6.50455e+08 36176.4 -4.29855e+07 -3.80216e+08 -8.67779e+07 
349012 389610 9726.08 2.04882e+08 -6.27371e+08 1.17011e+07 -6.68497e+08 8.19965e+08 2.66123e+06 5.39892e+07 -6.57972e+08 44169 -1.14134e+08 -3.66277e+08 -8.35889e+07 
356256 397659 9318.67 2.60902e+08 -6.33391e+08 1.40088e+07 -7.0184e+08 7.91397e+08 2.59543e+06 -1.31737e+06 -6.60858e+08 52357.5 -1.81473e+08 -3.40137e+08 -7.76174e+07 
363216 404937 8795.59 3.15286e+08 -6.35415e+08 1.62283e+07 -7.3398e+08 7.61474e+08 2.52519e+06 -5.6611e+07 -6.59108e+08 60205.9 -2.42793e+08 -3.02719e+08 -6.90748e+07 
369792 411527 8171.1 3.67885e+08 -6.3383e+08 1.83559e+07 -7.64861e+08 7.30247e+08 2.45063e+06 -1.11506e+08 -6.5275e+08 67635.8 -2.96118e+08 -2.55331e+08 -5.826e+07 
375900 417520 7462.87 4.18597e+08 -6.28978e+08 2.03892e+07 -7.9443e+08 6.97768e+08 2.37189e+06 -1.65622e+08 -6.41842e+08 74606.3 -3.39782e+08 -1.99605e+08 -4.55451e+07 
381467 423022 6691.18 4.67347e+08 -6.2117e+08 2.23268e+07 -8.22635e+08 6.64093e+08 2.28908e+06 -2.18586e+08 -6.26475e+08 81082.2 -3.72474e+08 -1.37422e+08 -3.13598e+07 
386440 428144 5878.13 5.14085e+08 -6.10681e+08 2.41683e+07 -8.49429e+08 6.29279e+08 2.20235e+06 -2.70034e+08 -6.06768e+08 87028.9 -3.93275e+08 -7.08385e+07 -1.61731e+07 
390785 432999 5046.8 5.5878e+08 -5.97757e+08 2.59137e+07 -8.74764e+08 5.93386e+08 2.11186e+06 -3.19616e+08 -5.82871e+08 92411.9 -4.01673e+08 -2.00515e+06 -475639 
394485 437702 4220.46 6.01413e+08 -5.82621e+08 2.75634e+07 -8.98597e+08 5.56475e+08 2.01774e+06 -3.66996e+08 -5.54959e+08 97197.7 -3.97561e+08 6.69086e+07 1.52378e+07 
397543 442365 3421.8 6.41974e+08 -5.65472e+08 2.9118e+07 -9.20887e+08 5.1861e+08 1.92018e+06 -4.11854e+08 -5.23235e+08 101355 -3.81219e+08 1.33784e+08 3.04842e+07 
399980 447093 2672.29 6.8046e+08 -5.46493e+08 3.05785e+07 -9.41595e+08 4.79854e+08 1.81933e+06 -4.5389e+08 -4.87926e+08 104855 -3.53289e+08 1.96615e+08 4.48059e+07 
401829 451983 1991.62 7.16876e+08 -5.25847e+08 3.19459e+07 -9.60685e+08 4.40276e+08 1.71538e+06 -4.92824e+08 -4.4928e+08 107672 -3.14738e+08 2.53559e+08 5.77832e+07 
403141 457122 1397.25 7.51229e+08 -5.03684e+08 3.32213e+07 -9.78124e+08 3.99942e+08 1.60851e+06 -5.28396e+08 -4.0757e+08 109786 -2.66821e+08 3.02984e+08 6.90439e+07 
403978 462586 904.004 7.83527e+08 -4.8014e+08 3.44059e+07 -9.93883e+08 3.58922e+08 1.49889e+06 -5.60372e+08 -3.63083e+08 111179 -2.11029e+08 3.43499e+08 7.8271e+07 
404410 468435 523.848 8.13782e+08 -4.55342e+08 3.55006e+07 -1.00793e+09 3.17286e+08 1.38671e+06 -5.8854e+08 -3.16128e+08 111841 -1.49052e+08 3.73981e+08 8.52089e+07 
404517 474720 265.633 8.42007e+08 -4.29406e+08 3.65068e+07 -1.02025e+09 2.75106e+08 1.27217e+06 -6.12716e+08 -2.67026e+08 111765 -8.27249e+07 3.93597e+08 8.9668e+07 
404384 481474 134.976 8.68214e+08 -4.02438e+08 3.74254e+07 -1.03082e+09 2.32455e+08 1.15546e+06 -6.3274e+08 -2.16112e+08 110950 -1.39873e+07 4.01814e+08 9.15273e+07 
404099 488716 134.166 8.92417e+08 -3.74539e+08 3.82576e+07 -1.03962e+09 1.89405e+08 1.03676e+06 -6.48482e+08 -1.63733e+08 109400 5.5167e+07 3.98412e+08 9.07365e+07 
403751 496450 262.138 9.14627e+08 -3.45802e+08 3.90044e+07 -1.04663e+09 1.46031e+08 916300 -6.59839e+08 -1.10244e+08 107125 1.22734e+08 3.8348e+08 8.73167e+07 
403431 504666 514.475 9.34858e+08 -3.16315e+08 3.96667e+07 -1.05184e+09 1.02407e+08 794269 -6.66737e+08 -5.60063e+07 104142 1.86746e+08 3.57421e+08 8.13602e+07 
403225 513339 883.483 9.53122e+08 -2.8616e+08 4.02455e+07 -1.05525e+09 5.86079e+07 670879 -6.69131e+08 -1.38652e+06 100470 2.45316e+08 3.20945e+08 7.3029e+07 
403213 522428 1358.3 9.69428e+08 -2.55416e+08 4.07416e+07 -1.05685e+09 1.47091e+07 546342 -6.67004e+08 5.32463e+07 96136.1 2.96688e+08 2.75055e+08 6.25524e+07 
403470 531882 1925.08 9.83787e+08 -2.24157e+08 4.11559e+07 -1.05663e+09 -2.92139e+07 420874 -6.60371e+08 1.07523e+08 91170.3 3.39281e+08 2.21034e+08 5.02231e+07 
404060 541636 2567.24 9.96207e+08 -1.92455e+08 4.1489e+07 -1.0546e+09 -7.30859e+07 294689 -6.49273e+08 1.61076e+08 85607.9 3.71734e+08 1.6042e+08 3.63921e+07 
405037 551613 3265.81 1.0067e+09 -1.60379e+08 4.17417e+07 -1.05076e+09 -1.16832e+08 168005 -6.33783e+08 2.13544e+08 79488.7 3.92955e+08 9.49733e+07 2.14614e+07 
406441 561729 3999.82 1.01526e+09 -1.27996e+08 4.19147e+07 -1.04512e+09 -1.60376e+08 41039.4 -6.14e+08 2.64569e+08 72856.4 4.02161e+08 2.66413e+07 5.87498e+06 
408294 571893 4746.87 1.02191e+09 -9.53685e+07 4.20085e+07 -1.03768e+09 -2.03645e+08 -85988.6 -5.90054e+08 3.13804e+08 65759.1 3.98919e+08 -4.24943e+07 -9.89235e+06 
410605 582010 5483.73 1.02665e+09 -6.25618e+07 4.20235e+07 -1.02848e+09 -2.46564e+08 -212861 -5.621e+08 3.60914e+08 58247.9 3.83175e+08 -1.10274e+08 -2.53481e+07 
413363 591983 6187.05 1.02947e+09 -2.96374e+07 4.19603e+07 -1.01751e+09 -2.8906e+08 -339360 -5.30323e+08 4.05573e+08 50376.8 3.55273e+08 -1.74528e+08 -3.99975e+07 
416539 601719 6834.2 1.03039e+09 3.3429e+06 4.18194e+07 -1.00479e+09 -3.3106e+08 -465269 -4.9493e+08 4.47474e+08 42202.7 3.15968e+08 -2.3315e+08 -5.33602e+07 
420087 611130 7404.04 1.0294e+09 3.63181e+07 4.1601e+07 -9.90365e+08 -3.72494e+08 -590372 -4.56156e+08 4.86324e+08 33783.9 2.66414e+08 -2.84176e+08 -6.49886e+07 
423943 620139 7877.84 1.0265e+09 6.92271e+07 4.13055e+07 -9.74242e+08 -4.13289e+08 -714457 -4.14259e+08 5.2185e+08 25180.5 2.08141e+08 -3.2586e+08 -7.44852e+07 
428029 628684 8240.03 1.0217e+09 1.02008e+08 4.09331e+07 -9.56455e+08 -4.53379e+08 -837312 -3.69518e+08 5.53802e+08 16453.7 1.43008e+08 -3.56756e+08 -8.15201e+07 
432255 636716 8478.93 1.01498e+09 1.346e+08 4.04842e+07 -9.37035e+08 -4.92693e+08 -958729 -3.22233e+08 5.81949e+08 7665.1 7.31377e+07 -3.75776e+08 -8.58459e+07 
436523 644207 8587.27 1.00635e+09 1.66938e+08 3.99588e+07 -9.16016e+08 -5.31166e+08 -1.0785e+06 -2.72723e+08 6.06087e+08 -1123.67 844516 -3.82246e+08 -8.73089e+07 
440732 651149 8562.6 9.95795e+08 1.98959e+08 3.93572e+07 -8.93435e+08 -5.68732e+08 -1.19644e+06 -2.21324e+08 6.26038e+08 -9851.16 -7.14624e+07 -3.75935e+08 -8.58574e+07 
444780 657557 8407.34 9.83315e+08 2.30596e+08 3.86794e+07 -8.69331e+08 -6.05329e+08 -1.31233e+06 -1.68386e+08 6.4165e+08 -18456.7 -1.41373e+08 -3.57069e+08 -8.15433e+07 
448571 663463 8128.68 9.68901e+08 2.6178e+08 3.79255e+07 -8.43747e+08 -6.40894e+08 -1.42599e+06 -1.14274e+08 6.52802e+08 -26880.7 -2.06576e+08 -3.2632e+08 -7.45201e+07 
452018 668920 7738.25 9.52546e+08 2.9244e+08 3.70956e+07 -8.16726e+08 -6.75368e+08 -1.53723e+06 -5.93617e+07 6.59401e+08 -35064.8 -2.64943e+08 -2.8477e+08 -6.5035e+07 
455049 673999 7251.56 9.34239e+08 3.22502e+08 3.61896e+07 -7.88317e+08 -7.08692e+08 -1.64586e+06 -4.03035e+06 6.61387e+08 -42952.7 -3.14616e+08 -2.33864e+08 -5.34179e+07 
457604 678780 6687.28 9.1397e+08 3.51888e+08 3.52077e+07 -7.58568e+08 -7.40812e+08 -1.7517e+06 5.13324e+07 6.5873e+08 -50489.7 -3.54062e+08 -1.75341e+08 -4.00657e+07 
459644 683357 6066.45 8.9173e+08 3.80515e+08 3.41498e+07 -7.2753e+08 -7.71674e+08 -1.85456e+06 1.06336e+08 6.51435e+08 -57623.1 -3.82126e+08 -1.11162e+08 -2.54256e+07 
461149 687830 5411.64 8.67505e+08 4.08296e+08 3.30158e+07 -6.95258e+08 -8.01225e+08 -1.95428e+06 1.60591e+08 6.39538e+08 -64302.5 -3.98048e+08 -4.34281e+07 -9.97731e+06 
462115 692299 4746.09 8.41285e+08 4.35138e+08 3.18059e+07 -6.61807e+08 -8.29417e+08 -2.05068e+06 2.13711e+08 6.23109e+08 -70479.5 -4.01477e+08 2.56928e+07 5.78494e+06 
462561 696866 4092.95 8.13056e+08 4.60942e+08 3.052e+07 -6.27235e+08 -8.56204e+08 -2.14359e+06 2.65312e+08 6.02251e+08 -76107 -3.92462e+08 9.4044e+07 2.13693e+07 
462521 701628 3474.53 7.82807e+08 4.85602e+08 2.91583e+07 -5.916e+08 -8.81541e+08 -2.23287e+06 3.15024e+08 5.77099e+08 -81138.8 -3.71432e+08 1.59545e+08 3.63012e+07 
462046 706675 2911.71 7.50527e+08 5.09002e+08 2.77209e+07 -5.54965e+08 -9.05387e+08 -2.31837e+06 3.62484e+08 5.47822e+08 -85526.4 -3.3916e+08 2.20249e+08 5.0137e+07 
461202 712089 2423.38 7.16205e+08 5.31017e+08 2.6208e+07 -5.17392e+08 -9.27702e+08 -2.39994e+06 4.07346e+08 5.14618e+08 -89213.3 -2.96734e+08 2.74392e+08 6.24747e+07 
460066 717943 2026.05 6.79831e+08 5.51511e+08 2.46199e+07 -4.78944e+08 -9.48451e+08 -2.47745e+06 4.49281e+08 4.77716e+08 -92121 -2.45505e+08 3.20435e+08 7.29631e+07 
458725 724296 1733.47 6.414e+08 5.70337e+08 2.29573e+07 -4.39689e+08 -9.67598e+08 -2.55078e+06 4.87981e+08 4.37374e+08 -94130.3 -1.8705e+08 3.57088e+08 8.13089e+07 
457276 731196 1556.42 6.00909e+08 5.8733e+08 2.12209e+07 -3.99691e+08 -9.85114e+08 -2.6198e+06 5.23158e+08 3.93878e+08 -95125.8 -1.23122e+08 3.83344e+08 8.72823e+07 
455817 738675 1502.5 5.58362e+08 6.02312e+08 1.94117e+07 -3.5902e+08 -1.00097e+09 -2.68441e+06 5.54549e+08 3.47536e+08 -95131.3 -5.56021e+07 3.98485e+08 9.07204e+07 
454453 746755 1575.99 5.13769e+08 6.15083e+08 1.75313e+07 -3.17745e+08 -1.01514e+09 -2.7445e+06 5.8192e+08 2.9868e+08 -94258.9 1.35427e+07 4.02102e+08 9.15299e+07 
453287 755442 1777.82 4.67149e+08 6.25426e+08 1.55817e+07 -2.75934e+08 -1.02761e+09 -2.79996e+06 6.05066e+08 2.4766e+08 -92583.3 8.23088e+07 3.94097e+08 8.96889e+07 
452421 764729 2105.5 4.18535e+08 6.33096e+08 1.35657e+07 -2.33659e+08 -1.03834e+09 -2.85072e+06 6.23812e+08 1.94845e+08 -90140.6 1.48701e+08 3.74684e+08 8.52466e+07 
451953 774595 2553.18 3.67978e+08 6.37821e+08 1.14867e+07 -1.90992e+08 -1.04734e+09 -2.8967e+06 6.38018e+08 1.40617e+08 -86952.2 2.10777e+08 3.44389e+08 7.83232e+07 
451973 785009 3111.67 3.1555e+08 6.39295e+08 9.34955e+06 -1.48004e+08 -1.05458e+09 -2.9378e+06 6.47578e+08 8.53702e+07 -83036.3 2.66697e+08 3.0404e+08 6.91077e+07 
452563 795925 3768.63 2.61356e+08 6.37179e+08 7.16018e+06 -1.04767e+08 -1.06004e+09 -2.97398e+06 6.52419e+08 2.95073e+07 -78413.4 3.14766e+08 2.54754e+08 5.78553e+07 
453793 807289 4508.68 2.0554e+08 6.31094e+08 4.92649e+06 -6.13533e+07 -1.06374e+09 -3.00518e+06 6.52506e+08 -2.65645e+07 -73109.4 3.53486e+08 1.97918e+08 4.48829e+07 
455714 819038 5313.7 1.48303e+08 6.20615e+08 2.65883e+06 -1.78366e+07 -1.06565e+09 -3.03134e+06 6.47838e+08 -8.24362e+07 -67159 3.81597e+08 1.35163e+08 3.05626e+07 
458364 831101 6163.16 8.99147e+07 6.05274e+08 370735 2.57106e+07 -1.06578e+09 -3.05242e+06 6.38452e+08 -1.37701e+08 -60610.5 3.98125e+08 6.83298e+07 1.53147e+07 
461754 843403 7034.48 3.07419e+07 5.84556e+08 -1.92016e+06 6.92158e+07 -1.06413e+09 -3.0684e+06 6.24418e+08 -1.91956e+08 -53531.7 4.02422e+08 -575367 -403146 
465874 855867 7903.6 -2.87249e+07 5.57909e+08 -4.19093e+06 1.12606e+08 -1.06071e+09 -3.07924e+06 6.05844e+08 -2.44808e+08 -46016.4 3.94201e+08 -6.94321e+07 -1.61072e+07 
470684 868412 8745.52 -8.78336e+07 5.24754e+08 -6.41196e+06 1.5581e+08 -1.05551e+09 -3.08495e+06 5.82869e+08 -2.95873e+08 -38184.9 3.73567e+08 -1.36068e+08 -3.1302e+07 
476113 880963 9534.95 -1.45727e+08 4.84521e+08 -8.54537e+06 1.98755e+08 -1.04856e+09 -3.0855e+06 5.55667e+08 -3.44785e+08 -30173.3 3.41026e+08 -1.98331e+08 -4.54964e+07 
482054 893443 10247.1 -2.01299e+08 4.36699e+08 -1.05434e+07 2.4137e+08 -1.03986e+09 -3.08091e+06 5.24441e+08 -3.91192e+08 -22109 2.97495e+08 -2.54159e+08 -5.8221e+07 
488367 905777 10858.4 -2.53154e+08 3.80928e+08 -1.23475e+07 2.83585e+08 -1.02942e+09 -3.07118e+06 4.89425e+08 -4.34764e+08 -14087.3 2.44281e+08 -3.01668e+08 -6.90459e+07 
494875 917887 11347.3 -2.99601e+08 3.17122e+08 -1.38885e+07 3.25329e+08 -1.01728e+09 -3.05635e+06 4.5088e+08 -4.75192e+08 -6163.8 1.83051e+08 -3.39223e+08 -7.75986e+07 
501374 929684 11695.6 -3.38705e+08 2.4564e+08 -1.50897e+07 3.66533e+08 -1.00344e+09 -3.03645e+06 4.09092e+08 -5.12192e+08 1634.74 1.15778e+08 -3.65513e+08 -8.35808e+07 
507643 941065 11888.7 -3.6844e+08 1.6745e+08 -1.58741e+07 4.0713e+08 -9.87936e+08 -3.01151e+06 3.64368e+08 -5.45509e+08 9294.29 4.46711e+07 -3.7961e+08 -8.67812e+07 
513462 951908 11917.8 -3.86966e+08 8.42399e+07 -1.61761e+07 4.47052e+08 -9.70791e+08 -2.98157e+06 3.17038e+08 -5.74911e+08 16801.9 -2.79082e+07 -3.81014e+08 -8.70865e+07 
518639 962074 11780 -3.92975e+08 -1.64153e+06 -1.59553e+07 4.86234e+08 -9.52034e+08 -2.94669e+06 2.67446e+08 -6.00202e+08 24140.6 -9.95396e+07 -3.69675e+08 -8.44861e+07 
523032 971422 11479.4 -3.86004e+08 -8.74377e+07 -1.52079e+07 5.24611e+08 -9.31698e+08 -2.90692e+06 2.15954e+08 -6.21212e+08 31287.9 -1.67842e+08 -3.46e+08 -7.9073e+07 
526560 979836 11027.1 -3.66559e+08 -1.70402e+08 -1.39695e+07 5.6212e+08 -9.09818e+08 -2.86233e+06 1.62932e+08 -6.37805e+08 38216.3 -2.30568e+08 -3.10827e+08 -7.1039e+07 
529198 987242 10440.2 -3.3598e+08 -2.4821e+08 -1.23079e+07 5.98699e+08 -8.8643e+08 -2.81298e+06 1.0876e+08 -6.49877e+08 44894 -2.85691e+08 -2.65386e+08 -6.06644e+07 
530965 993620 9740.39 -2.96124e+08 -3.19204e+08 -1.03181e+07 6.34288e+08 -8.61573e+08 -2.75898e+06 5.38247e+07 -6.57357e+08 51284.6 -3.31484e+08 -2.1125e+08 -4.82951e+07 
531908 999006 8952.35 -2.49031e+08 -3.82442e+08 -8.08156e+06 6.68829e+08 -8.35291e+08 -2.70039e+06 -1.48596e+06 -6.60206e+08 57347.9 -3.6655e+08 -1.5026e+08 -3.43573e+07 
532082 1.00348e+06 8102.42 -1.96634e+08 -4.37598e+08 -5.67288e+06 7.02266e+08 -8.07626e+08 -2.63733e+06 -5.6783e+07 -6.58418e+08 63038 -3.89888e+08 -8.44357e+07 -1.93202e+07 
531550 1.00715e+06 7217.43 -1.40616e+08 -4.84781e+08 -3.15949e+06 7.34543e+08 -7.78626e+08 -2.5699e+06 -1.11681e+08 -6.52021e+08 68297.8 -4.009e+08 -1.591e+07 -3.67189e+06 
530376 1.01015e+06 6323.78 -8.23632e+07 -5.24368e+08 -595427 7.65607e+08 -7.48338e+08 -2.49822e+06 -1.65797e+08 -6.4107e+08 73061.8 -3.99396e+08 5.31471e+07 1.20922e+07 
528628 1.01262e+06 5446.78 -2.29736e+07 -5.56881e+08 1.97763e+06 7.95409e+08 -7.16812e+08 -2.4224e+06 -2.18755e+08 -6.25656e+08 77336.5 -3.85578e+08 1.20603e+08 2.74851e+07 
526373 1.01468e+06 4610.06 3.67057e+07 -5.82897e+08 4.5284e+06 8.23898e+08 -6.84102e+08 -2.34257e+06 -2.70192e+08 -6.059e+08 81139.2 -3.60013e+08 1.84424e+08 4.2043e+07 
523687 1.01647e+06 3835.1 9.60316e+07 -6.02997e+08 7.03388e+06 8.51029e+08 -6.50262e+08 -2.25886e+06 -3.19759e+08 -5.81954e+08 84438.8 -3.23603e+08 2.42733e+08 5.53374e+07 
520648 1.01812e+06 3140.89 1.54521e+08 -6.17739e+08 9.47742e+06 8.76756e+08 -6.15348e+08 -2.17142e+06 -3.67119e+08 -5.53992e+08 87203.8 -2.77544e+08 2.9385e+08 6.69855e+07 
517339 1.01971e+06 2543.6 2.11814e+08 -6.27639e+08 1.18472e+07 9.01039e+08 -5.79417e+08 -2.08039e+06 -4.11954e+08 -5.22218e+08 89408.9 -2.23282e+08 3.36331e+08 7.66583e+07 
513850 1.02136e+06 2056.37 2.67645e+08 -6.33167e+08 1.41349e+07 9.23836e+08 -5.42529e+08 -1.98592e+06 -4.53962e+08 -4.86858e+08 91034.8 -1.62464e+08 3.68996e+08 8.4087e+07 
510271 1.02313e+06 1689.12 3.21819e+08 -6.34747e+08 1.63348e+07 9.45111e+08 -5.04745e+08 -1.88816e+06 -4.92862e+08 -4.48163e+08 92067 -9.69013e+07 3.9095e+08 8.90681e+07 
506697 1.02509e+06 1448.44 3.74196e+08 -6.3276e+08 1.84433e+07 9.64829e+08 -4.66127e+08 -1.78727e+06 -5.28396e+08 -4.06402e+08 92496.3 -2.85121e+07 4.01595e+08 9.14661e+07 
503225 1.02728e+06 1337.53 4.24675e+08 -6.27547e+08 2.04581e+07 9.82958e+08 -4.2674e+08 -1.68342e+06 -5.60328e+08 -3.61867e+08 92318.1 4.07175e+07 4.00643e+08 9.12162e+07 
499949 1.02973e+06 1356.18 4.73186e+08 -6.1941e+08 2.23779e+07 9.99467e+08 -3.86648e+08 -1.57678e+06 -5.88447e+08 -3.14864e+08 91532.9 1.08782e+08 3.88118e+08 8.83246e+07 
496963 1.03245e+06 1500.77 5.19681e+08 -6.08623e+08 2.42022e+07 1.01433e+09 -3.45917e+08 -1.46752e+06 -6.12566e+08 -2.65717e+08 90146 1.73703e+08 3.64356e+08 8.28693e+07 
494357 1.03545e+06 1764.35 5.6413e+08 -5.95429e+08 2.59311e+07 1.02752e+09 -3.04614e+08 -1.35581e+06 -6.32528e+08 -2.1476e+08 88167.2 2.33572e+08 3.30003e+08 7.49982e+07 
492213 1.0387e+06 2136.72 6.06515e+08 -5.80047e+08 2.7565e+07 1.03902e+09 -2.62808e+08 -1.24185e+06 -6.48201e+08 -1.62341e+08 85611.1 2.86602e+08 2.86001e+08 6.49273e+07 
490608 1.04217e+06 2604.67 6.46829e+08 -5.62676e+08 2.91046e+07 1.04881e+09 -2.20568e+08 -1.1258e+06 -6.59482e+08 -1.08816e+08 82496.8 3.3117e+08 2.33574e+08 5.2937e+07 
489607 1.04582e+06 3152.16 6.85068e+08 -5.43494e+08 3.05508e+07 1.05686e+09 -1.77962e+08 -1.00786e+06 -6.66297e+08 -5.45479e+07 78847.6 3.65864e+08 1.74208e+08 3.93672e+07 
489265 1.04959e+06 3760.67 7.21239e+08 -5.22664e+08 3.19045e+07 1.06318e+09 -1.35061e+08 -888219 -6.686e+08 96642.5 74690.5 3.89533e+08 1.09621e+08 2.46105e+07 
489622 1.05341e+06 4409.59 7.55347e+08 -5.00333e+08 3.3167e+07 1.06774e+09 -9.19365e+07 -767075 -6.66376e+08 5.47476e+07 70056.6 4.01326e+08 4.1723e+07 9.10359e+06 
490701 1.05721e+06 5076.74 7.87403e+08 -4.76637e+08 3.43392e+07 1.07055e+09 -4.86587e+07 -644628 -6.59639e+08 1.09035e+08 64980.1 4.00731e+08 -2.74274e+07 -6.68353e+06 
492511 1.06091e+06 5738.98 8.17417e+08 -4.51701e+08 3.54223e+07 1.07159e+09 -5.29929e+06 -521081 -6.48431e+08 1.62591e+08 59498.5 3.87612e+08 -9.56822e+07 -2.22603e+07 
495040 1.06443e+06 6372.92 8.45403e+08 -4.25638e+08 3.64174e+07 1.07086e+09 3.80703e+07 -396640 -6.32825e+08 2.15053e+08 53651.8 3.62229e+08 -1.60868e+08 -3.71305e+07 
498259 1.06769e+06 6955.65 8.71373e+08 -3.98557e+08 3.73255e+07 1.06836e+09 8.13783e+07 -271513 -6.12923e+08 2.66062e+08 47482.4 3.25252e+08 -2.20858e+08 -5.08092e+07 
502119 1.07061e+06 7465.67 8.9534e+08 -3.70555e+08 3.81477e+07 1.0641e+09 1.24553e+08 -145904 -5.88854e+08 3.15272e+08 41034.6 2.77751e+08 -2.73651e+08 -6.284e+07 
506555 1.07313e+06 7883.65 9.17318e+08 -3.41725e+08 3.8885e+07 1.05808e+09 1.67524e+08 -20019.7 -5.60775e+08 3.62343e+08 34354.2 2.2118e+08 -3.17452e+08 -7.28134e+07 
511485 1.0752e+06 8193.3 9.37317e+08 -3.12155e+08 3.95384e+07 1.05032e+09 2.10219e+08 105933 -5.28871e+08 4.06953e+08 27488.2 1.57332e+08 -3.50744e+08 -8.03844e+07 
516816 1.07678e+06 8382.09 9.55349e+08 -2.81927e+08 4.01087e+07 1.04082e+09 2.52568e+08 231747 -4.93353e+08 4.48791e+08 20484.3 8.82828e+07 -3.7236e+08 -8.52872e+07 
522445 1.07784e+06 8441.8 9.71426e+08 -2.51118e+08 4.05968e+07 1.0296e+09 2.94501e+08 357215 -4.54456e+08 4.87566e+08 13390.8 1.63106e+07 -3.81535e+08 -8.73485e+07 
528263 1.07841e+06 8368.97 9.85558e+08 -2.19803e+08 4.10035e+07 1.01667e+09 3.35947e+08 482129 -4.12438e+08 5.23005e+08 6255.91 -5.61879e+07 -3.77944e+08 -8.64952e+07 
534161 1.07848e+06 8165.03 9.97752e+08 -1.88054e+08 4.13296e+07 1.00207e+09 3.76839e+08 606282 -3.67581e+08 5.54855e+08 -872.234 -1.26796e+08 -3.61718e+08 -8.27579e+07 
540036 1.07811e+06 7836.21 1.00802e+09 -1.55937e+08 4.15757e+07 9.85804e+08 4.17108e+08 729467 -3.20188e+08 5.82888e+08 -7945.98 -1.93175e+08 -3.33434e+08 -7.627e+07 
545789 1.07736e+06 7393.27 1.01636e+09 -1.23521e+08 4.17424e+07 9.67906e+08 4.56687e+08 851477 -2.70577e+08 6.06899e+08 -14918.3 -2.53152e+08 -2.94091e+08 -6.72604e+07 
551337 1.07631e+06 6850.99 1.02278e+09 -9.08682e+07 4.18303e+07 9.48404e+08 4.95511e+08 972110 -2.19087e+08 6.26712e+08 -21743.2 -3.04807e+08 -2.45061e+08 -5.60431e+07 
556611 1.07504e+06 6227.45 1.0273e+09 -5.80433e+07 4.184e+07 9.27329e+08 5.33513e+08 1.09116e+06 -1.66071e+08 6.42174e+08 -28375.4 -3.46536e+08 -1.88025e+08 -4.30027e+07 
561558 1.07366e+06 5543.29 1.0299e+09 -2.5108e+07 4.17718e+07 9.04715e+08 5.70631e+08 1.20843e+06 -1.11892e+08 6.53167e+08 -34771.1 -3.771e+08 -1.24901e+08 -2.85778e+07 
566146 1.07228e+06 4820.83 1.0306e+09 7.8763e+06 4.16262e+07 8.80599e+08 6.06802e+08 1.32372e+06 -5.69274e+07 6.59597e+08 -40887.3 -3.95655e+08 -5.77671e+07 -1.32428e+07 
570360 1.07101e+06 4083.27 1.02939e+09 4.08484e+07 4.14035e+07 8.55019e+08 6.41966e+08 1.43684e+06 -1.55908e+06 6.61408e+08 -46682.7 -4.01763e+08 1.12202e+07 2.50931e+06 
574205 1.06996e+06 3353.86 1.02627e+09 7.37471e+07 4.1104e+07 8.28018e+08 6.76063e+08 1.54759e+06 5.38242e+07 6.5857e+08 -52117 -3.95389e+08 7.98972e+07 1.81847e+07 
577705 1.06923e+06 2655.17 1.02124e+09 1.06511e+08 4.07281e+07 7.99639e+08 7.09036e+08 1.65579e+06 1.08832e+08 6.51091e+08 -57151.4 -3.7688e+08 1.46163e+08 3.3304e+07 
580898 1.06893e+06 2008.46 1.0143e+09 1.39078e+08 4.02758e+07 7.69928e+08 7.40829e+08 1.76125e+06 1.63072e+08 6.39007e+08 -61748.1 -3.46939e+08 2.08039e+08 4.74157e+07 
583839 1.06915e+06 1433.1 1.00545e+09 1.71384e+08 3.97475e+07 7.38934e+08 7.71388e+08 1.8638e+06 2.16159e+08 6.22392e+08 -65870.5 -3.06589e+08 2.6372e+08 6.01081e+07 
586595 1.06996e+06 946.18 9.94673e+08 2.03365e+08 3.91431e+07 7.06708e+08 8.00661e+08 1.96325e+06 2.6771e+08 6.01351e+08 -69482.9 -2.57126e+08 3.11614e+08 7.10185e+07 
589244 1.07144e+06 562.117 9.81971e+08 2.34954e+08 3.84629e+07 6.73302e+08 8.28598e+08 2.05945e+06 3.17353e+08 5.7602e+08 -72550.3 -2.00083e+08 3.50377e+08 7.98408e+07 
591872 1.07364e+06 292.396 9.67336e+08 2.66082e+08 3.77069e+07 6.38772e+08 8.55151e+08 2.15223e+06 3.64727e+08 5.46571e+08 -75037.6 -1.37176e+08 3.78939e+08 8.63313e+07 
594571 1.07659e+06 145.373 9.50757e+08 2.96678e+08 3.68751e+07 6.03174e+08 8.80275e+08 2.24143e+06 4.09485e+08 5.13204e+08 -76910.2 -7.02635e+07 3.96519e+08 9.03125e+07 
597438 1.08033e+06 126.146 9.32227e+08 3.26667e+08 3.59675e+07 5.66567e+08 9.03927e+08 2.3269e+06 4.513e+08 4.7615e+08 -78132.7 -1.29604e+06 4.02639e+08 9.16765e+07 
600569 1.08486e+06 236.472 9.11735e+08 3.55971e+08 3.49842e+07 5.29011e+08 9.26065e+08 2.4085e+06 4.89862e+08 4.35668e+08 -78667.3 6.77267e+07 3.97133e+08 9.03861e+07 
604063 1.09017e+06 474.741 8.89269e+08 3.84506e+08 3.39251e+07 4.90569e+08 9.46651e+08 2.4861e+06 5.24887e+08 3.92044e+08 -78470.2 1.34804e+08 3.80147e+08 8.64757e+07 
608014 1.09625e+06 835.996 8.64819e+08 4.12185e+08 3.27903e+07 4.51305e+08 9.65649e+08 2.55956e+06 5.56113e+08 3.45589e+08 -77488.5 1.97978e+08 3.52141e+08 8.0051e+07 
612511 1.10305e+06 1312.01 8.38372e+08 4.38914e+08 3.15796e+07 4.11284e+08 9.83026e+08 2.62876e+06 5.83308e+08 2.96634e+08 -75664.8 2.55383e+08 3.13877e+08 7.12868e+07 
617635 1.11053e+06 1891.39 8.09916e+08 4.64593e+08 3.02933e+07 3.70572e+08 9.98752e+08 2.69356e+06 6.0627e+08 2.45533e+08 -72961.3 3.0529e+08 2.6641e+08 6.0425e+07 
623461 1.11862e+06 2559.82 7.79439e+08 4.89114e+08 2.89312e+07 3.29237e+08 1.0128e+09 2.75386e+06 6.24826e+08 1.92656e+08 -69388.9 3.46152e+08 2.11072e+08 4.77703e+07 
630047 1.12724e+06 3300.28 7.4693e+08 5.12362e+08 2.74937e+07 2.8735e+08 1.02514e+09 2.80955e+06 6.38837e+08 1.38385e+08 -65004.9 3.76656e+08 1.49444e+08 3.36842e+07 
637442 1.13632e+06 4093.38 7.1238e+08 5.34209e+08 2.5981e+07 2.44979e+08 1.03575e+09 2.86051e+06 6.48197e+08 8.31153e+07 -59897.5 3.95761e+08 8.33242e+07 1.85779e+07 
645675 1.14575e+06 4917.88 6.75779e+08 5.5452e+08 2.43934e+07 2.02196e+08 1.04462e+09 2.90667e+06 6.52838e+08 2.72489e+07 -54183.7 4.02747e+08 1.46882e+07 2.90285e+06 
654759 1.15545e+06 5751.17 6.37123e+08 5.73145e+08 2.27316e+07 1.59073e+08 1.05173e+09 2.94793e+06 6.52724e+08 -2.88072e+07 -48001.2 3.97246e+08 -5.43634e+07 -1.28612e+07 
664689 1.16529e+06 6569.92 5.96409e+08 5.89919e+08 2.09963e+07 1.15682e+08 1.05706e+09 2.98422e+06 6.47857e+08 -8.46447e+07 -41484 3.79277e+08 -1.21664e+08 -2.82196e+07 
675436 1.1752e+06 7350.83 5.53642e+08 6.04662e+08 1.91887e+07 7.20965e+07 1.0606e+09 3.01548e+06 6.38276e+08 -1.39857e+08 -34738.3 3.4926e+08 -1.85052e+08 -4.26786e+07 
686955 1.18506e+06 8071.43 5.08832e+08 6.17173e+08 1.73102e+07 2.83905e+07 1.06235e+09 3.04165e+06 6.24053e+08 -1.94043e+08 -27836 3.08023e+08 -2.42439e+08 -5.57624e+07 
699178 1.19479e+06 8710.9 4.62001e+08 6.27231e+08 1.53628e+07 -1.53621e+07 1.06229e+09 3.06268e+06 6.05297e+08 -2.4681e+08 -20823.2 2.56792e+08 -2.91899e+08 -6.70313e+07 
712018 1.20431e+06 9250.92 4.13183e+08 6.34589e+08 1.33494e+07 -5.90874e+07 1.06044e+09 3.07853e+06 5.8215e+08 -2.97775e+08 -13732.6 1.97158e+08 -3.31736e+08 -7.60993e+07 
725372 1.21358e+06 9676.45 3.6243e+08 6.38971e+08 1.12734e+07 -1.02711e+08 1.05679e+09 3.08918e+06 5.54786e+08 -3.46573e+08 -6592.13 1.31032e+08 -3.60566e+08 -8.2651e+07 
739123 1.22254e+06 9976.35 3.0982e+08 6.4007e+08 9.13963e+06 -1.46158e+08 1.05135e+09 3.09459e+06 5.23411e+08 -3.92853e+08 569.455 6.05788e+07 -3.77374e+08 -8.64557e+07 
753144 1.23118e+06 10143.9 2.5546e+08 6.37542e+08 6.9542e+06 -1.89356e+08 1.04412e+09 3.09476e+06 4.88258e+08 -4.36285e+08 7720.85 -1.1868e+07 -3.81564e+08 -8.73788e+07 
767300 1.2395e+06 10177.2 1.995e+08 6.31005e+08 4.72524e+06 -2.32229e+08 1.03511e+09 3.08967e+06 4.4959e+08 -4.76563e+08 14827.5 -8.3894e+07 -3.72989e+08 -8.53877e+07 
781452 1.24754e+06 10078.9 1.42146e+08 6.20029e+08 2.46334e+06 -2.74706e+08 1.02435e+09 3.07934e+06 4.07693e+08 -5.13404e+08 21852.1 -1.53103e+08 -3.51956e+08 -8.05537e+07 
795466 1.25536e+06 9856.4 8.36797e+07 6.04144e+08 182326 -3.16712e+08 1.01184e+09 3.06377e+06 3.62876e+08 -5.46551e+08 28754.5 -2.17211e+08 -3.19211e+08 -7.30482e+07 
809206 1.26302e+06 9520.97 2.44776e+07 5.82831e+08 -2.0998e+06 -3.58177e+08 9.976e+08 3.04299e+06 3.15466e+08 -5.75778e+08 35493.5 -2.74137e+08 -2.75903e+08 -6.31349e+07 
822545 1.27062e+06 9087.49 -3.49546e+07 5.55536e+08 -4.35968e+06 -3.99029e+08 9.81664e+08 3.01703e+06 2.6581e+08 -6.00885e+08 42026.3 -3.22078e+08 -2.23533e+08 -5.11568e+07 
835362 1.27827e+06 8573.4 -9.39465e+07 5.21682e+08 -6.56716e+06 -4.39197e+08 9.64053e+08 2.98592e+06 2.14268e+08 -6.21707e+08 48310.1 -3.59567e+08 -1.63881e+08 -3.75214e+07 
847540 1.2861e+06 7997.93 -1.51619e+08 4.80706e+08 -8.68374e+06 -4.78613e+08 9.44796e+08 2.94971e+06 1.61211e+08 -6.38108e+08 54302.4 -3.85516e+08 -9.89361e+07 -2.26833e+07 
858968 1.29422e+06 7381.08 -2.06841e+08 4.32111e+08 -1.0661e+07 -5.17209e+08 9.23925e+08 2.90846e+06 1.07019e+08 -6.49985e+08 59961.8 -3.99239e+08 -3.08147e+07 -7.12609e+06 
869537 1.30275e+06 6742.79 -2.58191e+08 3.75561e+08 -1.24398e+07 -5.54918e+08 9.01474e+08 2.86224e+06 5.2078e+07 -6.57268e+08 65248.1 -4.00454e+08 3.83156e+07 8.65516e+06 
879140 1.31179e+06 6102.18 -3.03957e+08 3.11009e+08 -1.39506e+07 -5.91675e+08 8.77482e+08 2.81112e+06 -3.22344e+06 -6.5992e+08 70123.4 -3.89278e+08 1.06308e+08 2.41703e+07 
887674 1.32142e+06 5477.02 -3.42195e+08 2.38867e+08 -1.51164e+07 -6.27417e+08 8.51988e+08 2.75519e+06 -5.84965e+07 -6.57937e+08 74552.1 -3.66198e+08 1.71105e+08 3.89486e+07 
895050 1.33166e+06 4883.59 -3.70897e+08 1.60166e+08 -1.58523e+07 -6.62081e+08 8.25035e+08 2.69455e+06 -1.13355e+08 -6.51347e+08 78501.4 -3.32046e+08 2.30792e+08 5.25415e+07 
901206 1.34248e+06 4336.82 -3.88262e+08 7.6662e+07 -1.60963e+07 -6.95609e+08 7.9667e+08 2.6293e+06 -1.67418e+08 -6.4021e+08 81941.6 -2.8796e+08 2.83631e+08 6.45568e+07 
906121 1.35384e+06 3850.68 -3.93062e+08 -9.25412e+06 -1.58197e+07 -7.27941e+08 7.66939e+08 2.55957e+06 -2.20312e+08 -6.24616e+08 84846 -2.35333e+08 3.28124e+08 7.46631e+07 
909839 1.36561e+06 3438.45 -3.84924e+08 -9.48235e+07 -1.50233e+07 -7.59021e+08 7.35894e+08 2.48547e+06 -2.71674e+08 -6.04687e+08 87190.5 -1.75774e+08 3.63031e+08 8.2579e+07 
912462 1.3777e+06 3112.57 -3.64439e+08 -1.77336e+08 -1.37459e+07 -7.88797e+08 7.03587e+08 2.40713e+06 -3.21154e+08 -5.80571e+08 88952.5 -1.11061e+08 3.87392e+08 8.80869e+07 
914147 1.39001e+06 2884 -3.33002e+08 -2.54531e+08 -1.2056e+07 -8.17215e+08 6.70074e+08 2.32468e+06 -3.68416e+08 -5.52447e+08 90106.9 -4.30951e+07 4.00541e+08 9.10366e+07 
915083 1.40247e+06 2761.32 -2.92494e+08 -3.24826e+08 -1.00382e+07 -8.44227e+08 6.35411e+08 2.23825e+06 -4.1314e+08 -5.20516e+08 90616.9 2.6146e+07 4.02123e+08 9.13479e+07 
915467 1.41502e+06 2749.82 -2.44937e+08 -3.87346e+08 -7.77875e+06 -8.69786e+08 5.99658e+08 2.14798e+06 -4.55026e+08 -4.85005e+08 90443.8 9.46554e+07 3.92093e+08 8.90122e+07 
915492 1.42765e+06 2851 -1.92238e+08 -4.41804e+08 -5.35611e+06 -8.93847e+08 5.62876e+08 2.05403e+06 -4.93791e+08 -4.46167e+08 89607.8 1.60442e+08 3.70719e+08 8.40922e+07 
915331 1.44033e+06 3062.33 -1.3605e+08 -4.88331e+08 -2.83617e+06 -9.16369e+08 5.25128e+08 1.95657e+06 -5.29179e+08 -4.04274e+08 88161.1 2.21577e+08 3.38582e+08 7.67213e+07 
915140 1.45304e+06 3377.26 -7.7726e+07 -5.2732e+08 -271432 -9.37313e+08 4.8648e+08 1.85574e+06 -5.60954e+08 -3.59616e+08 86134.9 2.76241e+08 2.96562e+08 6.71015e+07 
915048 1.46577e+06 3785.48 -1.83385e+07 -5.59293e+08 2.29781e+06 -9.56642e+08 4.46996e+08 1.75173e+06 -5.88907e+08 -3.12501e+08 83550.8 3.22769e+08 2.45827e+08 5.55001e+07 
915165 1.47849e+06 4273.26 4.12865e+07 -5.84829e+08 4.84139e+06 -9.74323e+08 4.06745e+08 1.64472e+06 -6.12853e+08 -2.63254e+08 80430.6 3.59702e+08 1.8781e+08 4.22451e+07 
915577 1.49114e+06 4823.85 1.00521e+08 -6.04506e+08 7.33717e+06 -9.90326e+08 3.65797e+08 1.53488e+06 -6.32633e+08 -2.12209e+08 76798.9 3.85826e+08 1.24184e+08 2.77186e+07 
916348 1.50368e+06 5417.99 1.58894e+08 -6.18875e+08 9.76916e+06 -1.00462e+09 3.24222e+08 1.42241e+06 -6.48118e+08 -1.59716e+08 72683.4 4.00224e+08 5.6825e+07 1.23488e+07 
917522 1.51604e+06 6034.48 2.16053e+08 -6.28446e+08 1.2126e+07 -1.01719e+09 2.8209e+08 1.3075e+06 -6.59205e+08 -1.0613e+08 68115.5 4.0231e+08 -1.22358e+07 -3.4006e+06 
919120 1.52816e+06 6650.83 2.7174e+08 -6.33685e+08 1.43997e+07 -1.028e+09 2.39476e+08 1.19035e+06 -6.6582e+08 -5.18138e+07 63129.5 3.91865e+08 -8.08632e+07 -1.90426e+07 
921142 1.53995e+06 7243.99 3.25765e+08 -6.35011e+08 1.65851e+07 -1.03704e+09 1.96452e+08 1.07116e+06 -6.67921e+08 2.8637e+06 57762.4 3.69067e+08 -1.46883e+08 -3.40817e+07 
923567 1.55134e+06 7791.17 3.7799e+08 -6.328e+08 1.86784e+07 -1.04429e+09 1.53092e+08 950138 -6.65491e+08 5.75325e+07 52053.6 3.34497e+08 -2.08152e+08 -4.80296e+07 
926352 1.56226e+06 8270.67 4.28316e+08 -6.27387e+08 2.06777e+07 -1.04975e+09 1.09471e+08 827493 -6.58547e+08 1.11822e+08 46044.2 2.89144e+08 -2.62639e+08 -6.04234e+07 
929439 1.57265e+06 8662.79 4.76675e+08 -6.19073e+08 2.25816e+07 -1.05339e+09 6.56646e+07 703436 -6.47133e+08 1.65364e+08 39776.3 2.34382e+08 -3.08496e+08 -7.08433e+07 
932750 1.58244e+06 8950.6 5.2302e+08 -6.08129e+08 2.43899e+07 -1.05522e+09 2.17479e+07 578181 -6.31321e+08 2.17794e+08 33292.9 1.71937e+08 -3.44145e+08 -7.893e+07 
936193 1.59159e+06 9120.8 5.67321e+08 -5.94795e+08 2.61026e+07 -1.05524e+09 -2.22034e+07 451943 -6.11216e+08 2.68755e+08 26638.1 1.03829e+08 -3.68338e+08 -8.4401e+07 
939668 1.60009e+06 9164.23 6.09562e+08 -5.79288e+08 2.77204e+07 -1.05344e+09 -6.61138e+07 324940 -5.86947e+08 3.17899e+08 19856.4 3.22982e+07 -3.80222e+08 -8.70633e+07 
943067 1.60792e+06 9076.4 6.49734e+08 -5.61806e+08 2.92439e+07 -1.04982e+09 -1.09908e+08 197388 -5.58673e+08 3.64887e+08 12993 -4.02772e+07 -3.79377e+08 -8.68226e+07 
946282 1.61509e+06 8857.67 6.87836e+08 -5.42524e+08 3.06741e+07 -1.0444e+09 -1.5351e+08 69506.8 -5.26581e+08 4.09396e+08 6092.82 -1.11479e+08 -3.65835e+08 -8.3688e+07 
949207 1.62165e+06 8513.21 7.23873e+08 -5.21604e+08 3.2012e+07 -1.03718e+09 -1.96846e+08 -58487.5 -4.90882e+08 4.51116e+08 -799.042 -1.78946e+08 -3.40078e+08 -7.77711e+07 
951745 1.62764e+06 8052.79 7.5785e+08 -4.99194e+08 3.32588e+07 -1.02818e+09 -2.3984e+08 -186377 -4.51814e+08 4.89756e+08 -7638.06 -2.40465e+08 -3.03017e+08 -6.92812e+07 
953811 1.63314e+06 7490.28 7.89779e+08 -4.75426e+08 3.44156e+07 -1.01742e+09 -2.82421e+08 -313946 -4.09637e+08 5.25044e+08 -14380.2 -2.94055e+08 -2.55947e+08 -5.85147e+07 
955332 1.63822e+06 6843.03 8.1967e+08 -4.50426e+08 3.54835e+07 -1.0049e+09 -3.24514e+08 -440976 -3.64633e+08 5.56728e+08 -20982 -3.38041e+08 -2.00486e+08 -4.58418e+07 
956256 1.64299e+06 6131.09 8.47536e+08 -4.24306e+08 3.64636e+07 -9.90666e+08 -3.66048e+08 -567252 -3.17106e+08 5.8458e+08 -27400.7 -3.71102e+08 -1.38506e+08 -3.169e+07 
956549 1.64754e+06 5376.38 8.73389e+08 -3.97174e+08 3.73571e+07 -9.74728e+08 -4.06951e+08 -692555 -2.67378e+08 6.08398e+08 -33594 -3.92305e+08 -7.20545e+07 -1.6527e+07 
956194 1.65198e+06 4601.89 8.97243e+08 -3.69127e+08 3.81649e+07 -9.57118e+08 -4.47154e+08 -816666 -2.15788e+08 6.28004e+08 -39520.4 -4.01124e+08 -3.2776e+06 -842326 
955198 1.65642e+06 3830.79 9.19109e+08 -3.40257e+08 3.88882e+07 -9.37867e+08 -4.86589e+08 -939370 -1.62689e+08 6.4325e+08 -45138.4 -3.97436e+08 6.5657e+07 1.48697e+07 
953584 1.66096e+06 3085.77 9.39e+08 -3.10651e+08 3.95277e+07 -9.1701e+08 -5.25188e+08 -1.06046e+06 -1.08449e+08 6.54017e+08 -50407.2 -3.81506e+08 1.32629e+08 3.0126e+07 
951393 1.66569e+06 2388.33 9.56928e+08 -2.80391e+08 4.00846e+07 -8.94583e+08 -5.62886e+08 -1.17972e+06 -5.34425e+07 6.60215e+08 -55285.5 -3.53962e+08 1.95629e+08 4.44684e+07 
948682 1.67071e+06 1758.19 9.72902e+08 -2.49555e+08 4.05595e+07 -8.70625e+08 -5.9962e+08 -1.29696e+06 1.94547e+06 6.61788e+08 -59731.9 -3.15759e+08 2.52807e+08 5.74764e+07 
945523 1.67608e+06 1212.9 9.86933e+08 -2.18216e+08 4.09534e+07 -8.45179e+08 -6.35326e+08 -1.41197e+06 5.7326e+07 6.58709e+08 -63704 -2.68138e+08 3.02521e+08 6.87761e+07 
941998 1.68188e+06 767.383 9.99028e+08 -1.86446e+08 4.12669e+07 -8.18289e+08 -6.69945e+08 -1.52456e+06 1.12308e+08 6.50986e+08 -67157.8 -2.12584e+08 3.4337e+08 7.80492e+07 
938199 1.68816e+06 433.705 1.0092e+09 -1.54312e+08 4.15007e+07 -7.90002e+08 -7.03419e+08 -1.63455e+06 1.665e+08 6.38661e+08 -70047.5 -1.50779e+08 3.74221e+08 8.50383e+07 
934226 1.69495e+06 220.838 1.01745e+09 -1.2188e+08 4.16555e+07 -7.60366e+08 -7.3569e+08 -1.74175e+06 2.19514e+08 6.21808e+08 -72324.3 -8.45548e+07 3.94226e+08 8.95517e+07 
930183 1.70228e+06 134.515 1.02378e+09 -8.9216e+07 4.17318e+07 -7.29434e+08 -7.66706e+08 -1.84597e+06 2.70969e+08 6.00533e+08 -73935.5 -1.58495e+07 4.02842e+08 9.14665e+07 
