0 0 0 0 
1.57895 15.4895 15.1184 15.1191 
3.15789 29.8351 28.2486 28.2507 
4.73684 41.0809 38.3268 38.3307 
6.31579 48.5246 45.3536 45.3591 
7.89474 52.7885 49.9315 49.9375 
9.47368 54.9928 52.7837 52.7893 
11.0526 56.0645 54.5117 54.5163 
12.6316 56.5688 55.5408 55.5444 
14.2105 56.8022 56.1476 56.1502 
15.7895 56.9095 56.5031 56.5049 
17.3684 56.9587 56.7107 56.712 
18.9474 56.9811 56.8317 56.8326 
20.5263 56.9914 56.9022 56.9027 
22.1053 56.9961 56.9431 56.9435 
23.6842 56.9982 56.9669 56.9672 
25.2632 56.9992 56.9808 56.9809 
26.8421 56.9996 56.9888 56.9889 
28.4211 56.9998 56.9935 56.9936 
30 56.9999 56.9962 56.9963 
