2.4837e-005 0.000102851 2.42742e-005 1.0305e+009 16407.7 4.135e+007 1.0704e+009 21758.7 0.00471374 -6.711e+008 27286.1 3.53945e-006 34660.1 4.016e+008 9.16e+007 
82.1192 277.053 64.6719 1.02956e+009 3.28231e+007 4.12946e+007 1.0695e+009 4.35261e+007 12476.2 -6.68847e+008 5.45383e+007 9.12328 6.90195e+007 3.9578e+008 9.02725e+007 
391.218 1112.35 256.846 1.02675e+009 6.55774e+007 4.11304e+007 1.06681e+009 8.69526e+007 48638.7 -6.62108e+008 1.08684e+008 35.4 1.36004e+008 3.7849e+008 8.6329e+007 
1020.14 2502.16 571.506 1.02206e+009 9.82242e+007 4.08615e+007 1.06234e+009 1.30225e+008 105302 -6.50927e+008 1.621e+008 77.7791 1.99034e+008 3.50199e+008 7.98761e+007 
2057.97 4428.32 1000.38 1.01548e+009 1.30705e+008 4.04935e+007 1.05609e+009 1.73269e+008 178448 -6.35375e+008 2.14428e+008 135.958 2.56247e+008 3.11677e+008 7.10897e+007 
3587.84 6858.84 1532.05 1.007e+009 1.62958e+008 4.00315e+007 1.04809e+009 2.16013e+008 264188 -6.15553e+008 2.65314e+008 210.365 3.0592e+008 2.63988e+008 6.02124e+007 
5684.71 9748.64 2152.17 9.96623e+008 1.94918e+008 3.94799e+007 1.03834e+009 2.58386e+008 359233 -5.91587e+008 3.14415e+008 302.105 3.46515e+008 2.08469e+008 4.75491e+007 
8413.18 13040.7 2843.72 9.84327e+008 2.26517e+008 3.88421e+007 1.02686e+009 3.0032e+008 460989 -5.63635e+008 3.61397e+008 412.877 3.76724e+008 1.46705e+008 3.34616e+007 
11825.4 16667.7 3587.37 9.70105e+008 2.57686e+008 3.81205e+007 1.01367e+009 3.41747e+008 567464 -5.31876e+008 4.05939e+008 544.868 3.95516e+008 8.05007e+007 1.8361e+007 
15959 20553.5 4361.89 9.53949e+008 2.88351e+008 3.73169e+007 9.98806e+008 3.82598e+008 677138 -4.96519e+008 4.47734e+008 700.622 4.02179e+008 1.1832e+007 2.69831e+006 
20835.2 24616.1 5144.73 9.35847e+008 3.18437e+008 3.64328e+007 9.82279e+008 4.22807e+008 788841 -4.57794e+008 4.86492e+008 882.901 3.96353e+008 -5.71986e+007 -1.3047e+007 
26458 28769.9 5912.64 9.15788e+008 3.47865e+008 3.5469e+007 9.6412e+008 4.62309e+008 901656 -4.15956e+008 5.21943e+008 1094.52 3.78066e+008 -1.24425e+008 -2.83807e+007 
32812.3 32929.4 6642.42 8.93762e+008 3.76553e+008 3.44262e+007 9.44359e+008 5.01037e+008 1.01485e+006 -3.71283e+008 5.53836e+008 1338.21 3.47745e+008 -1.87685e+008 -4.28098e+007 
39864.5 37012.2 7311.72 8.69755e+008 4.04411e+008 3.33051e+007 9.23029e+008 5.38927e+008 1.12782e+006 -3.2407e+008 5.81943e+008 1616.42 3.06229e+008 -2.44895e+008 -5.58591e+007 
47562.5 40942.9 7899.89 8.43755e+008 4.31349e+008 3.2106e+007 9.00164e+008 5.75919e+008 1.24008e+006 -2.74635e+008 6.06058e+008 1931.22 2.5475e+008 -2.9413e+008 -6.70895e+007 
55837.2 44657.1 8388.79 8.1575e+008 4.57264e+008 3.08293e+007 8.75801e+008 6.11949e+008 1.35118e+006 -2.2331e+008 6.26004e+008 2284.14 1.94908e+008 -3.33702e+008 -7.61157e+007 
64604.6 48104.4 8763.62 7.85728e+008 4.82053e+008 2.94753e+007 8.49981e+008 6.46957e+008 1.46076e+006 -1.70443e+008 6.41628e+008 2676.09 1.28622e+008 -3.6223e+008 -8.2623e+007 
73769.1 51251.5 9013.59 7.53675e+008 5.05598e+008 2.80443e+007 8.22745e+008 6.80886e+008 1.56849e+006 -1.16395e+008 6.52808e+008 3107.33 5.80617e+007 -3.78709e+008 -8.63819e+007 
83227.2 54084.8 9132.4 7.19583e+008 5.27777e+008 2.65368e+007 7.94138e+008 7.13679e+008 1.67406e+006 -6.15369e+007 6.5945e+008 3577.48 -1.4432e+007 -3.82551e+008 -8.72586e+007 
92871.3 56611.3 9118.56 6.83441e+008 5.48454e+008 2.49531e+007 7.64207e+008 7.45279e+008 1.7772e+006 -6.24875e+006 6.61491e+008 4085.69 -8.64413e+007 -3.7362e+008 -8.5222e+007 
102595 58859.4 8975.5 6.45242e+008 5.67482e+008 2.3294e+007 7.33001e+008 7.75635e+008 1.87766e+006 4.90841e+007 6.589e+008 4631.04 -1.55568e+008 -3.52234e+008 -8.03447e+007 
112296 60878 8711.32 6.04985e+008 5.84699e+008 2.15603e+007 7.0057e+008 8.04694e+008 1.97522e+006 1.04073e+008 6.51679e+008 5213.3 -2.19528e+008 -3.19153e+008 -7.27997e+007 
121884 62734.8 8338.46 5.62671e+008 5.99928e+008 1.9753e+007 6.6697e+008 8.32408e+008 2.06965e+006 1.58329e+008 6.39861e+008 5834.91 -2.76244e+008 -2.75539e+008 -6.28523e+007 
131277 64514.1 7873.08 5.18309e+008 6.12971e+008 1.78736e+007 6.32253e+008 8.58729e+008 2.16075e+006 2.11467e+008 6.23515e+008 6506.06 -3.23919e+008 -2.22902e+008 -5.08472e+007 
140412 66313.7 7334.33 4.71918e+008 6.23613e+008 1.59241e+007 5.96479e+008 8.83612e+008 2.24835e+006 2.63104e+008 6.0274e+008 7262.44 -3.61093e+008 -1.63037e+008 -3.71931e+007 
149240 68241.2 6743.53 4.23527e+008 6.3161e+008 1.3907e+007 5.59705e+008 9.07015e+008 2.33225e+006 3.1287e+008 5.7767e+008 8253.2 -3.8669e+008 -9.79385e+007 -2.23457e+007 
157733 70411 6123.29 3.73184e+008 6.36692e+008 1.18254e+007 5.21994e+008 9.28897e+008 2.41231e+006 3.60407e+008 5.48474e+008 10198.9 -4.00036e+008 -2.97317e+007 -6.78935e+006 
165876 72940.4 5496.7 3.20961e+008 6.38555e+008 9.68356e+006 4.83407e+008 9.49221e+008 2.48836e+006 4.05361e+008 5.15356e+008 13652.7 -4.00863e+008 3.94121e+007 8.98064e+006 
173675 75946.5 4886.48 2.6696e+008 6.36866e+008 7.48785e+006 4.44008e+008 9.6795e+008 2.56026e+006 4.47398e+008 4.78537e+008 17502.1 -3.89301e+008 1.07345e+008 2.44744e+007 
181146 79543.8 4314.31 2.11321e+008 6.31251e+008 5.2462e+006 4.03864e+008 9.85053e+008 2.62788e+006 4.86206e+008 4.38268e+008 21344.2 -3.65854e+008 1.7201e+008 3.92224e+007 
188322 83841.2 3800.17 1.54236e+008 6.21291e+008 2.96874e+006 3.6304e+008 1.0005e+009 2.69109e+006 5.21499e+008 3.94832e+008 25089.2 -3.31366e+008 2.31492e+008 5.27885e+007 
195243 88940.5 3361.78 9.59683e+007 6.06523e+008 668701 3.21606e+008 1.01426e+009 2.74979e+006 5.53012e+008 3.48535e+008 28694.2 -2.86981e+008 2.84073e+008 6.478e+007 
201954 94934.3 3014.19 3.68712e+007 5.86439e+008 -1.63669e+006 2.79631e+008 1.02632e+009 2.80387e+006 5.8051e+008 2.99709e+008 32127.5 -2.34105e+008 3.28262e+008 7.48571e+007 
208506 101905 2769.35 -2.25796e+007 5.60488e+008 -3.92498e+006 2.37184e+008 1.03664e+009 2.85324e+006 6.03786e+008 2.48703e+008 35362.2 -1.74355e+008 3.62828e+008 8.2739e+007 
214944 109921 2635.82 -8.17524e+007 5.28096e+008 -6.16692e+006 1.94338e+008 1.04522e+009 2.89781e+006 6.22664e+008 1.95886e+008 38374.8 -1.09513e+008 3.86822e+008 8.82085e+007 
221309 119038 2618.49 -1.39815e+008 4.88688e+008 -8.32432e+006 1.51163e+008 1.05203e+009 2.93751e+006 6.37e+008 1.41642e+008 41144.9 -4.1484e+007 3.99596e+008 9.11157e+007 
227631 129293 2718.41 -1.9569e+008 4.41747e+008 -1.03503e+007 1.07734e+008 1.05706e+009 2.97227e+006 6.46688e+008 8.6365e+007 43654.8 2.7751e+007 4.00802e+008 9.13818e+007 
233922 140700 2932.67 -2.48017e+008 3.8689e+008 -1.21886e+007 6.41222e+007 1.06031e+009 3.00203e+006 6.51653e+008 3.04582e+007 45889.9 9.61871e+007 3.90407e+008 8.9001e+007 
240177 153242 3254.36 -2.95141e+008 3.23998e+008 -1.37715e+007 2.04025e+007 1.06176e+009 3.02674e+006 6.51857e+008 -2.56699e+007 47838.3 1.61838e+008 3.68692e+008 8.40381e+007 
246372 166864 3672.82 -3.35151e+008 2.5337e+008 -1.50229e+007 -2.33513e+007 1.06141e+009 3.04634e+006 6.47299e+008 -8.1609e+007 49491.1 2.22781e+008 3.36245e+008 7.6628e+007 
252471 181464 4174.08 -3.66025e+008 1.75897e+008 -1.58653e+007 -6.70651e+007 1.05927e+009 3.0608e+006 6.38015e+008 -1.36951e+008 50841.5 2.77203e+008 2.93955e+008 6.69736e+007 
258437 196886 4741.66 -3.85887e+008 9.31816e+007 -1.62308e+007 -1.10665e+008 1.05532e+009 3.07009e+006 6.24074e+008 -1.91291e+008 51884.9 3.23449e+008 2.42996e+008 5.5343e+007 
264252 212920 5357.59 -3.93353e+008 7.50346e+006 -1.60751e+007 -1.54076e+008 1.04959e+009 3.07417e+006 6.05584e+008 -2.44234e+008 52618.1 3.60066e+008 1.84808e+008 4.20647e+007 
269930 229323 6003.38 -3.87854e+008 -7.84125e+007 -1.53898e+007 -1.97225e+008 1.04207e+009 3.07304e+006 5.82684e+008 -2.95396e+008 53038.1 3.85852e+008 1.21068e+008 2.75212e+007 
275527 245840 6660.62 -3.69784e+008 -1.618e+008 -1.42058e+007 -2.40038e+008 1.03278e+009 3.06669e+006 5.55547e+008 -3.44408e+008 53140.4 3.99896e+008 5.36519e+007 1.21409e+007 
281131 262227 7311.11 -3.40401e+008 -2.40269e+008 -1.25871e+007 -2.82442e+008 1.02174e+009 3.05514e+006 5.24379e+008 -3.90918e+008 52917.6 4.01623e+008 -1.5406e+007 -3.61253e+006 
286843 278277 7936.67 -3.01523e+008 -3.12084e+008 -1.06171e+007 -3.24364e+008 1.00895e+009 3.0384e+006 4.89414e+008 -4.34592e+008 52355.5 3.90824e+008 -8.39706e+007 -1.92519e+007 
292757 293820 8518.97 -2.55175e+008 -3.7623e+008 -8.38379e+006 -3.65734e+008 9.94445e+008 3.01649e+006 4.50912e+008 -4.75123e+008 51430.9 3.67683e+008 -1.49869e+008 -3.42816e+007 
298944 308723 9039.68 -2.03309e+008 -4.32312e+008 -5.96889e+006 -4.06479e+008 9.78244e+008 2.98945e+006 4.0916e+008 -5.12225e+008 50107.7 3.32792e+008 -2.1096e+008 -4.82134e+007 
305441 322887 9480.94 -1.47642e+008 -4.80394e+008 -3.44198e+006 -4.4653e+008 9.60375e+008 2.95732e+006 3.64468e+008 -5.4564e+008 48337.5 2.87148e+008 -2.65214e+008 -6.05846e+007 
312251 336235 9826.19 -8.95915e+007 -5.20828e+008 -859044 -4.85817e+008 9.40866e+008 2.92015e+006 3.17164e+008 -5.7514e+008 46065.8 2.32135e+008 -3.10791e+008 -7.09752e+007 
319341 348716 10061 -3.02867e+007 -5.54122e+008 1.73658e+006 -5.24275e+008 9.19751e+008 2.87802e+006 2.67594e+008 -6.00526e+008 43248.6 1.69485e+008 -3.46117e+008 -7.90263e+007 
326652 360298 10173.9 2.93992e+007 -5.80851e+008 4.31215e+006 -5.61835e+008 8.97063e+008 2.83097e+006 2.16117e+008 -6.21629e+008 39879.1 1.01227e+008 -3.69952e+008 -8.44556e+007 
334101 370966 10157.2 8.88016e+007 -6.01596e+008 6.84338e+006 -5.98434e+008 8.72842e+008 2.7791e+006 1.63104e+008 -6.38312e+008 36093.4 2.96088e+007 -3.81455e+008 -8.70705e+007 
341590 380728 10007.5 1.47424e+008 -6.16927e+008 9.311e+006 -6.34009e+008 8.47128e+008 2.72249e+006 1.08924e+008 -6.50455e+008 36176.4 -4.29855e+007 -3.80216e+008 -8.67779e+007 
349012 389610 9726.08 2.04882e+008 -6.27371e+008 1.17011e+007 -6.68497e+008 8.19965e+008 2.66123e+006 5.39892e+007 -6.57972e+008 44169 -1.14134e+008 -3.66277e+008 -8.35889e+007 
356256 397659 9318.67 2.60902e+008 -6.33391e+008 1.40088e+007 -7.0184e+008 7.91397e+008 2.59543e+006 -1.31737e+006 -6.60858e+008 52357.5 -1.81473e+008 -3.40137e+008 -7.76174e+007 
363216 404937 8795.59 3.15286e+008 -6.35415e+008 1.62283e+007 -7.3398e+008 7.61474e+008 2.52519e+006 -5.6611e+007 -6.59108e+008 60205.9 -2.42793e+008 -3.02719e+008 -6.90748e+007 
369792 411527 8171.1 3.67885e+008 -6.3383e+008 1.83559e+007 -7.64861e+008 7.30247e+008 2.45063e+006 -1.11506e+008 -6.5275e+008 67635.8 -2.96118e+008 -2.55331e+008 -5.826e+007 
375900 417520 7462.87 4.18597e+008 -6.28978e+008 2.03892e+007 -7.9443e+008 6.97768e+008 2.37189e+006 -1.65622e+008 -6.41842e+008 74606.3 -3.39782e+008 -1.99605e+008 -4.55451e+007 
381467 423022 6691.18 4.67347e+008 -6.2117e+008 2.23268e+007 -8.22635e+008 6.64093e+008 2.28908e+006 -2.18586e+008 -6.26475e+008 81082.2 -3.72474e+008 -1.37422e+008 -3.13598e+007 
386440 428144 5878.13 5.14085e+008 -6.10681e+008 2.41683e+007 -8.49429e+008 6.29279e+008 2.20235e+006 -2.70034e+008 -6.06768e+008 87028.9 -3.93275e+008 -7.08385e+007 -1.61731e+007 
390785 432999 5046.8 5.5878e+008 -5.97757e+008 2.59137e+007 -8.74764e+008 5.93386e+008 2.11186e+006 -3.19616e+008 -5.82871e+008 92411.9 -4.01673e+008 -2.00515e+006 -475639 
394485 437702 4220.46 6.01413e+008 -5.82621e+008 2.75634e+007 -8.98597e+008 5.56475e+008 2.01774e+006 -3.66996e+008 -5.54959e+008 97197.7 -3.97561e+008 6.69086e+007 1.52378e+007 
397543 442365 3421.8 6.41974e+008 -5.65472e+008 2.9118e+007 -9.20887e+008 5.1861e+008 1.92018e+006 -4.11854e+008 -5.23235e+008 101355 -3.81219e+008 1.33784e+008 3.04842e+007 
399980 447093 2672.29 6.8046e+008 -5.46493e+008 3.05785e+007 -9.41595e+008 4.79854e+008 1.81933e+006 -4.5389e+008 -4.87926e+008 104855 -3.53289e+008 1.96615e+008 4.48059e+007 
401829 451983 1991.62 7.16876e+008 -5.25847e+008 3.19459e+007 -9.60685e+008 4.40276e+008 1.71538e+006 -4.92824e+008 -4.4928e+008 107672 -3.14738e+008 2.53559e+008 5.77832e+007 
403141 457122 1397.25 7.51229e+008 -5.03684e+008 3.32213e+007 -9.78124e+008 3.99942e+008 1.60851e+006 -5.28396e+008 -4.0757e+008 109786 -2.66821e+008 3.02984e+008 6.90439e+007 
403978 462586 904.004 7.83527e+008 -4.8014e+008 3.44059e+007 -9.93883e+008 3.58922e+008 1.49889e+006 -5.60372e+008 -3.63083e+008 111179 -2.11029e+008 3.43499e+008 7.8271e+007 
404410 468435 523.848 8.13782e+008 -4.55342e+008 3.55006e+007 -1.00793e+009 3.17286e+008 1.38671e+006 -5.8854e+008 -3.16128e+008 111841 -1.49052e+008 3.73981e+008 8.52089e+007 
404517 474720 265.633 8.42007e+008 -4.29406e+008 3.65068e+007 -1.02025e+009 2.75106e+008 1.27217e+006 -6.12716e+008 -2.67026e+008 111765 -8.27249e+007 3.93597e+008 8.9668e+007 
404384 481474 134.976 8.68214e+008 -4.02438e+008 3.74254e+007 -1.03082e+009 2.32455e+008 1.15546e+006 -6.3274e+008 -2.16112e+008 110950 -1.39873e+007 4.01814e+008 9.15273e+007 
404099 488716 134.166 8.92417e+008 -3.74539e+008 3.82576e+007 -1.03962e+009 1.89405e+008 1.03676e+006 -6.48482e+008 -1.63733e+008 109400 5.5167e+007 3.98412e+008 9.07365e+007 
403751 496450 262.138 9.14627e+008 -3.45802e+008 3.90044e+007 -1.04663e+009 1.46031e+008 916300 -6.59839e+008 -1.10244e+008 107125 1.22734e+008 3.8348e+008 8.73167e+007 
403431 504666 514.475 9.34858e+008 -3.16315e+008 3.96667e+007 -1.05184e+009 1.02407e+008 794269 -6.66737e+008 -5.60063e+007 104142 1.86746e+008 3.57421e+008 8.13602e+007 
403225 513339 883.483 9.53122e+008 -2.8616e+008 4.02455e+007 -1.05525e+009 5.86079e+007 670879 -6.69131e+008 -1.38652e+006 100470 2.45316e+008 3.20945e+008 7.3029e+007 
403213 522428 1358.3 9.69428e+008 -2.55416e+008 4.07416e+007 -1.05685e+009 1.47091e+007 546342 -6.67004e+008 5.32463e+007 96136.1 2.96688e+008 2.75055e+008 6.25524e+007 
403470 531882 1925.08 9.83787e+008 -2.24157e+008 4.11559e+007 -1.05663e+009 -2.92139e+007 420874 -6.60371e+008 1.07523e+008 91170.3 3.39281e+008 2.21034e+008 5.02231e+007 
404060 541636 2567.24 9.96207e+008 -1.92455e+008 4.1489e+007 -1.0546e+009 -7.30859e+007 294689 -6.49273e+008 1.61076e+008 85607.9 3.71734e+008 1.6042e+008 3.63921e+007 
405037 551613 3265.81 1.0067e+009 -1.60379e+008 4.17417e+007 -1.05076e+009 -1.16832e+008 168005 -6.33783e+008 2.13544e+008 79488.7 3.92955e+008 9.49733e+007 2.14614e+007 
406441 561729 3999.82 1.01526e+009 -1.27996e+008 4.19147e+007 -1.04512e+009 -1.60376e+008 41039.4 -6.14e+008 2.64569e+008 72856.4 4.02161e+008 2.66413e+007 5.87498e+006 
408294 571893 4746.87 1.02191e+009 -9.53685e+007 4.20085e+007 -1.03768e+009 -2.03645e+008 -85988.6 -5.90054e+008 3.13804e+008 65759.1 3.98919e+008 -4.24943e+007 -9.89235e+006 
410605 582010 5483.73 1.02665e+009 -6.25618e+007 4.20235e+007 -1.02848e+009 -2.46564e+008 -212861 -5.621e+008 3.60914e+008 58247.9 3.83175e+008 -1.10274e+008 -2.53481e+007 
413363 591983 6187.05 1.02947e+009 -2.96374e+007 4.19603e+007 -1.01751e+009 -2.8906e+008 -339360 -5.30323e+008 4.05573e+008 50376.8 3.55273e+008 -1.74528e+008 -3.99975e+007 
416539 601719 6834.2 1.03039e+009 3.3429e+006 4.18194e+007 -1.00479e+009 -3.3106e+008 -465269 -4.9493e+008 4.47474e+008 42202.7 3.15968e+008 -2.3315e+008 -5.33602e+007 
420087 611130 7404.04 1.0294e+009 3.63181e+007 4.1601e+007 -9.90365e+008 -3.72494e+008 -590372 -4.56156e+008 4.86324e+008 33783.9 2.66414e+008 -2.84176e+008 -6.49886e+007 
423943 620139 7877.84 1.0265e+009 6.92271e+007 4.13055e+007 -9.74242e+008 -4.13289e+008 -714457 -4.14259e+008 5.2185e+008 25180.5 2.08141e+008 -3.2586e+008 -7.44852e+007 
428029 628684 8240.03 1.0217e+009 1.02008e+008 4.09331e+007 -9.56455e+008 -4.53379e+008 -837312 -3.69518e+008 5.53802e+008 16453.7 1.43008e+008 -3.56756e+008 -8.15201e+007 
432255 636716 8478.93 1.01498e+009 1.346e+008 4.04842e+007 -9.37035e+008 -4.92693e+008 -958729 -3.22233e+008 5.81949e+008 7665.1 7.31377e+007 -3.75776e+008 -8.58459e+007 
436523 644207 8587.27 1.00635e+009 1.66938e+008 3.99588e+007 -9.16016e+008 -5.31166e+008 -1.0785e+006 -2.72723e+008 6.06087e+008 -1123.67 844516 -3.82246e+008 -8.73089e+007 
440732 651149 8562.6 9.95795e+008 1.98959e+008 3.93572e+007 -8.93435e+008 -5.68732e+008 -1.19644e+006 -2.21324e+008 6.26038e+008 -9851.16 -7.14624e+007 -3.75935e+008 -8.58574e+007 
444780 657557 8407.34 9.83315e+008 2.30596e+008 3.86794e+007 -8.69331e+008 -6.05329e+008 -1.31233e+006 -1.68386e+008 6.4165e+008 -18456.7 -1.41373e+008 -3.57069e+008 -8.15433e+007 
448571 663463 8128.68 9.68901e+008 2.6178e+008 3.79255e+007 -8.43747e+008 -6.40894e+008 -1.42599e+006 -1.14274e+008 6.52802e+008 -26880.7 -2.06576e+008 -3.2632e+008 -7.45201e+007 
452018 668920 7738.25 9.52546e+008 2.9244e+008 3.70956e+007 -8.16726e+008 -6.75368e+008 -1.53723e+006 -5.93617e+007 6.59401e+008 -35064.8 -2.64943e+008 -2.8477e+008 -6.5035e+007 
455049 673999 7251.56 9.34239e+008 3.22502e+008 3.61896e+007 -7.88317e+008 -7.08692e+008 -1.64586e+006 -4.03035e+006 6.61387e+008 -42952.7 -3.14616e+008 -2.33864e+008 -5.34179e+007 
457604 678780 6687.28 9.1397e+008 3.51888e+008 3.52077e+007 -7.58568e+008 -7.40812e+008 -1.7517e+006 5.13324e+007 6.5873e+008 -50489.7 -3.54062e+008 -1.75341e+008 -4.00657e+007 
459644 683357 6066.45 8.9173e+008 3.80515e+008 3.41498e+007 -7.2753e+008 -7.71674e+008 -1.85456e+006 1.06336e+008 6.51435e+008 -57623.1 -3.82126e+008 -1.11162e+008 -2.54256e+007 
461149 687830 5411.64 8.67505e+008 4.08296e+008 3.30158e+007 -6.95258e+008 -8.01225e+008 -1.95428e+006 1.60591e+008 6.39538e+008 -64302.5 -3.98048e+008 -4.34281e+007 -9.97731e+006 
462115 692299 4746.09 8.41285e+008 4.35138e+008 3.18059e+007 -6.61807e+008 -8.29417e+008 -2.05068e+006 2.13711e+008 6.23109e+008 -70479.5 -4.01477e+008 2.56928e+007 5.78494e+006 
462561 696866 4092.95 8.13056e+008 4.60942e+008 3.052e+007 -6.27235e+008 -8.56204e+008 -2.14359e+006 2.65312e+008 6.02251e+008 -76107 -3.92462e+008 9.4044e+007 2.13693e+007 
462521 701628 3474.53 7.82807e+008 4.85602e+008 2.91583e+007 -5.916e+008 -8.81541e+008 -2.23287e+006 3.15024e+008 5.77099e+008 -81138.8 -3.71432e+008 1.59545e+008 3.63012e+007 
462046 706675 2911.71 7.50527e+008 5.09002e+008 2.77209e+007 -5.54965e+008 -9.05387e+008 -2.31837e+006 3.62484e+008 5.47822e+008 -85526.4 -3.3916e+008 2.20249e+008 5.0137e+007 
461202 712089 2423.38 7.16205e+008 5.31017e+008 2.6208e+007 -5.17392e+008 -9.27702e+008 -2.39994e+006 4.07346e+008 5.14618e+008 -89213.3 -2.96734e+008 2.74392e+008 6.24747e+007 
460066 717943 2026.05 6.79831e+008 5.51511e+008 2.46199e+007 -4.78944e+008 -9.48451e+008 -2.47745e+006 4.49281e+008 4.77716e+008 -92121 -2.45505e+008 3.20435e+008 7.29631e+007 
458725 724296 1733.47 6.414e+008 5.70337e+008 2.29573e+007 -4.39689e+008 -9.67598e+008 -2.55078e+006 4.87981e+008 4.37374e+008 -94130.3 -1.8705e+008 3.57088e+008 8.13089e+007 
457276 731196 1556.42 6.00909e+008 5.8733e+008 2.12209e+007 -3.99691e+008 -9.85114e+008 -2.6198e+006 5.23158e+008 3.93878e+008 -95125.8 -1.23122e+008 3.83344e+008 8.72823e+007 
455817 738675 1502.5 5.58362e+008 6.02312e+008 1.94117e+007 -3.5902e+008 -1.00097e+009 -2.68441e+006 5.54549e+008 3.47536e+008 -95131.3 -5.56021e+007 3.98485e+008 9.07204e+007 
454453 746755 1575.99 5.13769e+008 6.15083e+008 1.75313e+007 -3.17745e+008 -1.01514e+009 -2.7445e+006 5.8192e+008 2.9868e+008 -94258.9 1.35427e+007 4.02102e+008 9.15299e+007 
453287 755442 1777.82 4.67149e+008 6.25426e+008 1.55817e+007 -2.75934e+008 -1.02761e+009 -2.79996e+006 6.05066e+008 2.4766e+008 -92583.3 8.23088e+007 3.94097e+008 8.96889e+007 
452421 764729 2105.5 4.18535e+008 6.33096e+008 1.35657e+007 -2.33659e+008 -1.03834e+009 -2.85072e+006 6.23812e+008 1.94845e+008 -90140.6 1.48701e+008 3.74684e+008 8.52466e+007 
451953 774595 2553.18 3.67978e+008 6.37821e+008 1.14867e+007 -1.90992e+008 -1.04734e+009 -2.8967e+006 6.38018e+008 1.40617e+008 -86952.2 2.10777e+008 3.44389e+008 7.83232e+007 
451973 785009 3111.67 3.1555e+008 6.39295e+008 9.34955e+006 -1.48004e+008 -1.05458e+009 -2.9378e+006 6.47578e+008 8.53702e+007 -83036.3 2.66697e+008 3.0404e+008 6.91077e+007 
452563 795925 3768.63 2.61356e+008 6.37179e+008 7.16018e+006 -1.04767e+008 -1.06004e+009 -2.97398e+006 6.52419e+008 2.95073e+007 -78413.4 3.14766e+008 2.54754e+008 5.78553e+007 
453793 807289 4508.68 2.0554e+008 6.31094e+008 4.92649e+006 -6.13533e+007 -1.06374e+009 -3.00518e+006 6.52506e+008 -2.65645e+007 -73109.4 3.53486e+008 1.97918e+008 4.48829e+007 
455714 819038 5313.7 1.48303e+008 6.20615e+008 2.65883e+006 -1.78366e+007 -1.06565e+009 -3.03134e+006 6.47838e+008 -8.24362e+007 -67159 3.81597e+008 1.35163e+008 3.05626e+007 
458364 831101 6163.16 8.99147e+007 6.05274e+008 370735 2.57106e+007 -1.06578e+009 -3.05242e+006 6.38452e+008 -1.37701e+008 -60610.5 3.98125e+008 6.83298e+007 1.53147e+007 
461754 843403 7034.48 3.07419e+007 5.84556e+008 -1.92016e+006 6.92158e+007 -1.06413e+009 -3.0684e+006 6.24418e+008 -1.91956e+008 -53531.7 4.02422e+008 -575367 -403146 
465874 855867 7903.6 -2.87249e+007 5.57909e+008 -4.19093e+006 1.12606e+008 -1.06071e+009 -3.07924e+006 6.05844e+008 -2.44808e+008 -46016.4 3.94201e+008 -6.94321e+007 -1.61072e+007 
470684 868412 8745.52 -8.78336e+007 5.24754e+008 -6.41196e+006 1.5581e+008 -1.05551e+009 -3.08495e+006 5.82869e+008 -2.95873e+008 -38184.9 3.73567e+008 -1.36068e+008 -3.1302e+007 
476113 880963 9534.95 -1.45727e+008 4.84521e+008 -8.54537e+006 1.98755e+008 -1.04856e+009 -3.0855e+006 5.55667e+008 -3.44785e+008 -30173.3 3.41026e+008 -1.98331e+008 -4.54964e+007 
482054 893443 10247.1 -2.01299e+008 4.36699e+008 -1.05434e+007 2.4137e+008 -1.03986e+009 -3.08091e+006 5.24441e+008 -3.91192e+008 -22109 2.97495e+008 -2.54159e+008 -5.8221e+007 
488367 905777 10858.4 -2.53154e+008 3.80928e+008 -1.23475e+007 2.83585e+008 -1.02942e+009 -3.07118e+006 4.89425e+008 -4.34764e+008 -14087.3 2.44281e+008 -3.01668e+008 -6.90459e+007 
494875 917887 11347.3 -2.99601e+008 3.17122e+008 -1.38885e+007 3.25329e+008 -1.01728e+009 -3.05635e+006 4.5088e+008 -4.75192e+008 -6163.8 1.83051e+008 -3.39223e+008 -7.75986e+007 
501374 929684 11695.6 -3.38705e+008 2.4564e+008 -1.50897e+007 3.66533e+008 -1.00344e+009 -3.03645e+006 4.09092e+008 -5.12192e+008 1634.74 1.15778e+008 -3.65513e+008 -8.35808e+007 
507643 941065 11888.7 -3.6844e+008 1.6745e+008 -1.58741e+007 4.0713e+008 -9.87936e+008 -3.01151e+006 3.64368e+008 -5.45509e+008 9294.29 4.46711e+007 -3.7961e+008 -8.67812e+007 
513462 951908 11917.8 -3.86966e+008 8.42399e+007 -1.61761e+007 4.47052e+008 -9.70791e+008 -2.98157e+006 3.17038e+008 -5.74911e+008 16801.9 -2.79082e+007 -3.81014e+008 -8.70865e+007 
518639 962074 11780 -3.92975e+008 -1.64153e+006 -1.59553e+007 4.86234e+008 -9.52034e+008 -2.94669e+006 2.67446e+008 -6.00202e+008 24140.6 -9.95396e+007 -3.69675e+008 -8.44861e+007 
523032 971422 11479.4 -3.86004e+008 -8.74377e+007 -1.52079e+007 5.24611e+008 -9.31698e+008 -2.90692e+006 2.15954e+008 -6.21212e+008 31287.9 -1.67842e+008 -3.46e+008 -7.9073e+007 
526560 979836 11027.1 -3.66559e+008 -1.70402e+008 -1.39695e+007 5.6212e+008 -9.09818e+008 -2.86233e+006 1.62932e+008 -6.37805e+008 38216.3 -2.30568e+008 -3.10827e+008 -7.1039e+007 
529198 987242 10440.2 -3.3598e+008 -2.4821e+008 -1.23079e+007 5.98699e+008 -8.8643e+008 -2.81298e+006 1.0876e+008 -6.49877e+008 44894 -2.85691e+008 -2.65386e+008 -6.06644e+007 
530965 993620 9740.39 -2.96124e+008 -3.19204e+008 -1.03181e+007 6.34288e+008 -8.61573e+008 -2.75898e+006 5.38247e+007 -6.57357e+008 51284.6 -3.31484e+008 -2.1125e+008 -4.82951e+007 
531908 999006 8952.35 -2.49031e+008 -3.82442e+008 -8.08156e+006 6.68829e+008 -8.35291e+008 -2.70039e+006 -1.48596e+006 -6.60206e+008 57347.9 -3.6655e+008 -1.5026e+008 -3.43573e+007 
532082 1.00348e+006 8102.42 -1.96634e+008 -4.37598e+008 -5.67288e+006 7.02266e+008 -8.07626e+008 -2.63733e+006 -5.6783e+007 -6.58418e+008 63038 -3.89888e+008 -8.44357e+007 -1.93202e+007 
531550 1.00715e+006 7217.43 -1.40616e+008 -4.84781e+008 -3.15949e+006 7.34543e+008 -7.78626e+008 -2.5699e+006 -1.11681e+008 -6.52021e+008 68297.8 -4.009e+008 -1.591e+007 -3.67189e+006 
530376 1.01015e+006 6323.78 -8.23632e+007 -5.24368e+008 -595427 7.65607e+008 -7.48338e+008 -2.49822e+006 -1.65797e+008 -6.4107e+008 73061.8 -3.99396e+008 5.31471e+007 1.20922e+007 
528628 1.01262e+006 5446.78 -2.29736e+007 -5.56881e+008 1.97763e+006 7.95409e+008 -7.16812e+008 -2.4224e+006 -2.18755e+008 -6.25656e+008 77336.5 -3.85578e+008 1.20603e+008 2.74851e+007 
526373 1.01468e+006 4610.06 3.67057e+007 -5.82897e+008 4.5284e+006 8.23898e+008 -6.84102e+008 -2.34257e+006 -2.70192e+008 -6.059e+008 81139.2 -3.60013e+008 1.84424e+008 4.2043e+007 
523687 1.01647e+006 3835.1 9.60316e+007 -6.02997e+008 7.03388e+006 8.51029e+008 -6.50262e+008 -2.25886e+006 -3.19759e+008 -5.81954e+008 84438.8 -3.23603e+008 2.42733e+008 5.53374e+007 
520648 1.01812e+006 3140.89 1.54521e+008 -6.17739e+008 9.47742e+006 8.76756e+008 -6.15348e+008 -2.17142e+006 -3.67119e+008 -5.53992e+008 87203.8 -2.77544e+008 2.9385e+008 6.69855e+007 
517339 1.01971e+006 2543.6 2.11814e+008 -6.27639e+008 1.18472e+007 9.01039e+008 -5.79417e+008 -2.08039e+006 -4.11954e+008 -5.22218e+008 89408.9 -2.23282e+008 3.36331e+008 7.66583e+007 
513850 1.02136e+006 2056.37 2.67645e+008 -6.33167e+008 1.41349e+007 9.23836e+008 -5.42529e+008 -1.98592e+006 -4.53962e+008 -4.86858e+008 91034.8 -1.62464e+008 3.68996e+008 8.4087e+007 
510271 1.02313e+006 1689.12 3.21819e+008 -6.34747e+008 1.63348e+007 9.45111e+008 -5.04745e+008 -1.88816e+006 -4.92862e+008 -4.48163e+008 92067 -9.69013e+007 3.9095e+008 8.90681e+007 
506697 1.02509e+006 1448.44 3.74196e+008 -6.3276e+008 1.84433e+007 9.64829e+008 -4.66127e+008 -1.78727e+006 -5.28396e+008 -4.06402e+008 92496.3 -2.85121e+007 4.01595e+008 9.14661e+007 
503225 1.02728e+006 1337.53 4.24675e+008 -6.27547e+008 2.04581e+007 9.82958e+008 -4.2674e+008 -1.68342e+006 -5.60328e+008 -3.61867e+008 92318.1 4.07175e+007 4.00643e+008 9.12162e+007 
499949 1.02973e+006 1356.18 4.73186e+008 -6.1941e+008 2.23779e+007 9.99467e+008 -3.86648e+008 -1.57678e+006 -5.88447e+008 -3.14864e+008 91532.9 1.08782e+008 3.88118e+008 8.83246e+007 
496963 1.03245e+006 1500.77 5.19681e+008 -6.08623e+008 2.42022e+007 1.01433e+009 -3.45917e+008 -1.46752e+006 -6.12566e+008 -2.65717e+008 90146 1.73703e+008 3.64356e+008 8.28693e+007 
494357 1.03545e+006 1764.35 5.6413e+008 -5.95429e+008 2.59311e+007 1.02752e+009 -3.04614e+008 -1.35581e+006 -6.32528e+008 -2.1476e+008 88167.2 2.33572e+008 3.30003e+008 7.49982e+007 
492213 1.0387e+006 2136.72 6.06515e+008 -5.80047e+008 2.7565e+007 1.03902e+009 -2.62808e+008 -1.24185e+006 -6.48201e+008 -1.62341e+008 85611.1 2.86602e+008 2.86001e+008 6.49273e+007 
490608 1.04217e+006 2604.67 6.46829e+008 -5.62676e+008 2.91046e+007 1.04881e+009 -2.20568e+008 -1.1258e+006 -6.59482e+008 -1.08816e+008 82496.8 3.3117e+008 2.33574e+008 5.2937e+007 
489607 1.04582e+006 3152.16 6.85068e+008 -5.43494e+008 3.05508e+007 1.05686e+009 -1.77962e+008 -1.00786e+006 -6.66297e+008 -5.45479e+007 78847.6 3.65864e+008 1.74208e+008 3.93672e+007 
489265 1.04959e+006 3760.67 7.21239e+008 -5.22664e+008 3.19045e+007 1.06318e+009 -1.35061e+008 -888219 -6.686e+008 96642.5 74690.5 3.89533e+008 1.09621e+008 2.46105e+007 
489622 1.05341e+006 4409.59 7.55347e+008 -5.00333e+008 3.3167e+007 1.06774e+009 -9.19365e+007 -767075 -6.66376e+008 5.47476e+007 70056.6 4.01326e+008 4.1723e+007 9.10359e+006 
490701 1.05721e+006 5076.74 7.87403e+008 -4.76637e+008 3.43392e+007 1.07055e+009 -4.86587e+007 -644628 -6.59639e+008 1.09035e+008 64980.1 4.00731e+008 -2.74274e+007 -6.68353e+006 
492511 1.06091e+006 5738.98 8.17417e+008 -4.51701e+008 3.54223e+007 1.07159e+009 -5.29929e+006 -521081 -6.48431e+008 1.62591e+008 59498.5 3.87612e+008 -9.56822e+007 -2.22603e+007 
495040 1.06443e+006 6372.92 8.45403e+008 -4.25638e+008 3.64174e+007 1.07086e+009 3.80703e+007 -396640 -6.32825e+008 2.15053e+008 53651.8 3.62229e+008 -1.60868e+008 -3.71305e+007 
498259 1.06769e+006 6955.65 8.71373e+008 -3.98557e+008 3.73255e+007 1.06836e+009 8.13783e+007 -271513 -6.12923e+008 2.66062e+008 47482.4 3.25252e+008 -2.20858e+008 -5.08092e+007 
502119 1.07061e+006 7465.67 8.9534e+008 -3.70555e+008 3.81477e+007 1.0641e+009 1.24553e+008 -145904 -5.88854e+008 3.15272e+008 41034.6 2.77751e+008 -2.73651e+008 -6.284e+007 
506555 1.07313e+006 7883.65 9.17318e+008 -3.41725e+008 3.8885e+007 1.05808e+009 1.67524e+008 -20019.7 -5.60775e+008 3.62343e+008 34354.2 2.2118e+008 -3.17452e+008 -7.28134e+007 
511485 1.0752e+006 8193.3 9.37317e+008 -3.12155e+008 3.95384e+007 1.05032e+009 2.10219e+008 105933 -5.28871e+008 4.06953e+008 27488.2 1.57332e+008 -3.50744e+008 -8.03844e+007 
516816 1.07678e+006 8382.09 9.55349e+008 -2.81927e+008 4.01087e+007 1.04082e+009 2.52568e+008 231747 -4.93353e+008 4.48791e+008 20484.3 8.82828e+007 -3.7236e+008 -8.52872e+007 
522445 1.07784e+006 8441.8 9.71426e+008 -2.51118e+008 4.05968e+007 1.0296e+009 2.94501e+008 357215 -4.54456e+008 4.87566e+008 13390.8 1.63106e+007 -3.81535e+008 -8.73485e+007 
528263 1.07841e+006 8368.97 9.85558e+008 -2.19803e+008 4.10035e+007 1.01667e+009 3.35947e+008 482129 -4.12438e+008 5.23005e+008 6255.91 -5.61879e+007 -3.77944e+008 -8.64952e+007 
534161 1.07848e+006 8165.03 9.97752e+008 -1.88054e+008 4.13296e+007 1.00207e+009 3.76839e+008 606282 -3.67581e+008 5.54855e+008 -872.234 -1.26796e+008 -3.61718e+008 -8.27579e+007 
540036 1.07811e+006 7836.21 1.00802e+009 -1.55937e+008 4.15757e+007 9.85804e+008 4.17108e+008 729467 -3.20188e+008 5.82888e+008 -7945.98 -1.93175e+008 -3.33434e+008 -7.627e+007 
545789 1.07736e+006 7393.27 1.01636e+009 -1.23521e+008 4.17424e+007 9.67906e+008 4.56687e+008 851477 -2.70577e+008 6.06899e+008 -14918.3 -2.53152e+008 -2.94091e+008 -6.72604e+007 
551337 1.07631e+006 6850.99 1.02278e+009 -9.08682e+007 4.18303e+007 9.48404e+008 4.95511e+008 972110 -2.19087e+008 6.26712e+008 -21743.2 -3.04807e+008 -2.45061e+008 -5.60431e+007 
556611 1.07504e+006 6227.45 1.0273e+009 -5.80433e+007 4.184e+007 9.27329e+008 5.33513e+008 1.09116e+006 -1.66071e+008 6.42174e+008 -28375.4 -3.46536e+008 -1.88025e+008 -4.30027e+007 
561558 1.07366e+006 5543.29 1.0299e+009 -2.5108e+007 4.17718e+007 9.04715e+008 5.70631e+008 1.20843e+006 -1.11892e+008 6.53167e+008 -34771.1 -3.771e+008 -1.24901e+008 -2.85778e+007 
566146 1.07228e+006 4820.83 1.0306e+009 7.8763e+006 4.16262e+007 8.80599e+008 6.06802e+008 1.32372e+006 -5.69274e+007 6.59597e+008 -40887.3 -3.95655e+008 -5.77671e+007 -1.32428e+007 
570360 1.07101e+006 4083.27 1.02939e+009 4.08484e+007 4.14035e+007 8.55019e+008 6.41966e+008 1.43684e+006 -1.55908e+006 6.61408e+008 -46682.7 -4.01763e+008 1.12202e+007 2.50931e+006 
574205 1.06996e+006 3353.86 1.02627e+009 7.37471e+007 4.1104e+007 8.28018e+008 6.76063e+008 1.54759e+006 5.38242e+007 6.5857e+008 -52117 -3.95389e+008 7.98972e+007 1.81847e+007 
577705 1.06923e+006 2655.17 1.02124e+009 1.06511e+008 4.07281e+007 7.99639e+008 7.09036e+008 1.65579e+006 1.08832e+008 6.51091e+008 -57151.4 -3.7688e+008 1.46163e+008 3.3304e+007 
580898 1.06893e+006 2008.46 1.0143e+009 1.39078e+008 4.02758e+007 7.69928e+008 7.40829e+008 1.76125e+006 1.63072e+008 6.39007e+008 -61748.1 -3.46939e+008 2.08039e+008 4.74157e+007 
583839 1.06915e+006 1433.1 1.00545e+009 1.71384e+008 3.97475e+007 7.38934e+008 7.71388e+008 1.8638e+006 2.16159e+008 6.22392e+008 -65870.5 -3.06589e+008 2.6372e+008 6.01081e+007 
586595 1.06996e+006 946.18 9.94673e+008 2.03365e+008 3.91431e+007 7.06708e+008 8.00661e+008 1.96325e+006 2.6771e+008 6.01351e+008 -69482.9 -2.57126e+008 3.11614e+008 7.10185e+007 
589244 1.07144e+006 562.117 9.81971e+008 2.34954e+008 3.84629e+007 6.73302e+008 8.28598e+008 2.05945e+006 3.17353e+008 5.7602e+008 -72550.3 -2.00083e+008 3.50377e+008 7.98408e+007 
591872 1.07364e+006 292.396 9.67336e+008 2.66082e+008 3.77069e+007 6.38772e+008 8.55151e+008 2.15223e+006 3.64727e+008 5.46571e+008 -75037.6 -1.37176e+008 3.78939e+008 8.63313e+007 
594571 1.07659e+006 145.373 9.50757e+008 2.96678e+008 3.68751e+007 6.03174e+008 8.80275e+008 2.24143e+006 4.09485e+008 5.13204e+008 -76910.2 -7.02635e+007 3.96519e+008 9.03125e+007 
597438 1.08033e+006 126.146 9.32227e+008 3.26667e+008 3.59675e+007 5.66567e+008 9.03927e+008 2.3269e+006 4.513e+008 4.7615e+008 -78132.7 -1.29604e+006 4.02639e+008 9.16765e+007 
600569 1.08486e+006 236.472 9.11735e+008 3.55971e+008 3.49842e+007 5.29011e+008 9.26065e+008 2.4085e+006 4.89862e+008 4.35668e+008 -78667.3 6.77267e+007 3.97133e+008 9.03861e+007 
604063 1.09017e+006 474.741 8.89269e+008 3.84506e+008 3.39251e+007 4.90569e+008 9.46651e+008 2.4861e+006 5.24887e+008 3.92044e+008 -78470.2 1.34804e+008 3.80147e+008 8.64757e+007 
608014 1.09625e+006 835.996 8.64819e+008 4.12185e+008 3.27903e+007 4.51305e+008 9.65649e+008 2.55956e+006 5.56113e+008 3.45589e+008 -77488.5 1.97978e+008 3.52141e+008 8.0051e+007 
612511 1.10305e+006 1312.01 8.38372e+008 4.38914e+008 3.15796e+007 4.11284e+008 9.83026e+008 2.62876e+006 5.83308e+008 2.96634e+008 -75664.8 2.55383e+008 3.13877e+008 7.12868e+007 
617635 1.11053e+006 1891.39 8.09916e+008 4.64593e+008 3.02933e+007 3.70572e+008 9.98752e+008 2.69356e+006 6.0627e+008 2.45533e+008 -72961.3 3.0529e+008 2.6641e+008 6.0425e+007 
623461 1.11862e+006 2559.82 7.79439e+008 4.89114e+008 2.89312e+007 3.29237e+008 1.0128e+009 2.75386e+006 6.24826e+008 1.92656e+008 -69388.9 3.46152e+008 2.11072e+008 4.77703e+007 
630047 1.12724e+006 3300.28 7.4693e+008 5.12362e+008 2.74937e+007 2.8735e+008 1.02514e+009 2.80955e+006 6.38837e+008 1.38385e+008 -65004.9 3.76656e+008 1.49444e+008 3.36842e+007 
637442 1.13632e+006 4093.38 7.1238e+008 5.34209e+008 2.5981e+007 2.44979e+008 1.03575e+009 2.86051e+006 6.48197e+008 8.31153e+007 -59897.5 3.95761e+008 8.33242e+007 1.85779e+007 
645675 1.14575e+006 4917.88 6.75779e+008 5.5452e+008 2.43934e+007 2.02196e+008 1.04462e+009 2.90667e+006 6.52838e+008 2.72489e+007 -54183.7 4.02747e+008 1.46882e+007 2.90285e+006 
654759 1.15545e+006 5751.17 6.37123e+008 5.73145e+008 2.27316e+007 1.59073e+008 1.05173e+009 2.94793e+006 6.52724e+008 -2.88072e+007 -48001.2 3.97246e+008 -5.43634e+007 -1.28612e+007 
664689 1.16529e+006 6569.92 5.96409e+008 5.89919e+008 2.09963e+007 1.15682e+008 1.05706e+009 2.98422e+006 6.47857e+008 -8.46447e+007 -41484 3.79277e+008 -1.21664e+008 -2.82196e+007 
675436 1.1752e+006 7350.83 5.53642e+008 6.04662e+008 1.91887e+007 7.20965e+007 1.0606e+009 3.01548e+006 6.38276e+008 -1.39857e+008 -34738.3 3.4926e+008 -1.85052e+008 -4.26786e+007 
686955 1.18506e+006 8071.43 5.08832e+008 6.17173e+008 1.73102e+007 2.83905e+007 1.06235e+009 3.04165e+006 6.24053e+008 -1.94043e+008 -27836 3.08023e+008 -2.42439e+008 -5.57624e+007 
699178 1.19479e+006 8710.9 4.62001e+008 6.27231e+008 1.53628e+007 -1.53621e+007 1.06229e+009 3.06268e+006 6.05297e+008 -2.4681e+008 -20823.2 2.56792e+008 -2.91899e+008 -6.70313e+007 
712018 1.20431e+006 9250.92 4.13183e+008 6.34589e+008 1.33494e+007 -5.90874e+007 1.06044e+009 3.07853e+006 5.8215e+008 -2.97775e+008 -13732.6 1.97158e+008 -3.31736e+008 -7.60993e+007 
725372 1.21358e+006 9676.45 3.6243e+008 6.38971e+008 1.12734e+007 -1.02711e+008 1.05679e+009 3.08918e+006 5.54786e+008 -3.46573e+008 -6592.13 1.31032e+008 -3.60566e+008 -8.2651e+007 
739123 1.22254e+006 9976.35 3.0982e+008 6.4007e+008 9.13963e+006 -1.46158e+008 1.05135e+009 3.09459e+006 5.23411e+008 -3.92853e+008 569.455 6.05788e+007 -3.77374e+008 -8.64557e+007 
753144 1.23118e+006 10143.9 2.5546e+008 6.37542e+008 6.9542e+006 -1.89356e+008 1.04412e+009 3.09476e+006 4.88258e+008 -4.36285e+008 7720.85 -1.1868e+007 -3.81564e+008 -8.73788e+007 
767300 1.2395e+006 10177.2 1.995e+008 6.31005e+008 4.72524e+006 -2.32229e+008 1.03511e+009 3.08967e+006 4.4959e+008 -4.76563e+008 14827.5 -8.3894e+007 -3.72989e+008 -8.53877e+007 
781452 1.24754e+006 10078.9 1.42146e+008 6.20029e+008 2.46334e+006 -2.74706e+008 1.02435e+009 3.07934e+006 4.07693e+008 -5.13404e+008 21852.1 -1.53103e+008 -3.51956e+008 -8.05537e+007 
795466 1.25536e+006 9856.4 8.36797e+007 6.04144e+008 182326 -3.16712e+008 1.01184e+009 3.06377e+006 3.62876e+008 -5.46551e+008 28754.5 -2.17211e+008 -3.19211e+008 -7.30482e+007 
809206 1.26302e+006 9520.97 2.44776e+007 5.82831e+008 -2.0998e+006 -3.58177e+008 9.976e+008 3.04299e+006 3.15466e+008 -5.75778e+008 35493.5 -2.74137e+008 -2.75903e+008 -6.31349e+007 
822545 1.27062e+006 9087.49 -3.49546e+007 5.55536e+008 -4.35968e+006 -3.99029e+008 9.81664e+008 3.01703e+006 2.6581e+008 -6.00885e+008 42026.3 -3.22078e+008 -2.23533e+008 -5.11568e+007 
835362 1.27827e+006 8573.4 -9.39465e+007 5.21682e+008 -6.56716e+006 -4.39197e+008 9.64053e+008 2.98592e+006 2.14268e+008 -6.21707e+008 48310.1 -3.59567e+008 -1.63881e+008 -3.75214e+007 
847540 1.2861e+006 7997.93 -1.51619e+008 4.80706e+008 -8.68374e+006 -4.78613e+008 9.44796e+008 2.94971e+006 1.61211e+008 -6.38108e+008 54302.4 -3.85516e+008 -9.89361e+007 -2.26833e+007 
858968 1.29422e+006 7381.08 -2.06841e+008 4.32111e+008 -1.0661e+007 -5.17209e+008 9.23925e+008 2.90846e+006 1.07019e+008 -6.49985e+008 59961.8 -3.99239e+008 -3.08147e+007 -7.12609e+006 
869537 1.30275e+006 6742.79 -2.58191e+008 3.75561e+008 -1.24398e+007 -5.54918e+008 9.01474e+008 2.86224e+006 5.2078e+007 -6.57268e+008 65248.1 -4.00454e+008 3.83156e+007 8.65516e+006 
879140 1.31179e+006 6102.18 -3.03957e+008 3.11009e+008 -1.39506e+007 -5.91675e+008 8.77482e+008 2.81112e+006 -3.22344e+006 -6.5992e+008 70123.4 -3.89278e+008 1.06308e+008 2.41703e+007 
887674 1.32142e+006 5477.02 -3.42195e+008 2.38867e+008 -1.51164e+007 -6.27417e+008 8.51988e+008 2.75519e+006 -5.84965e+007 -6.57937e+008 74552.1 -3.66198e+008 1.71105e+008 3.89486e+007 
895050 1.33166e+006 4883.59 -3.70897e+008 1.60166e+008 -1.58523e+007 -6.62081e+008 8.25035e+008 2.69455e+006 -1.13355e+008 -6.51347e+008 78501.4 -3.32046e+008 2.30792e+008 5.25415e+007 
901206 1.34248e+006 4336.82 -3.88262e+008 7.6662e+007 -1.60963e+007 -6.95609e+008 7.9667e+008 2.6293e+006 -1.67418e+008 -6.4021e+008 81941.6 -2.8796e+008 2.83631e+008 6.45568e+007 
906121 1.35384e+006 3850.68 -3.93062e+008 -9.25412e+006 -1.58197e+007 -7.27941e+008 7.66939e+008 2.55957e+006 -2.20312e+008 -6.24616e+008 84846 -2.35333e+008 3.28124e+008 7.46631e+007 
909839 1.36561e+006 3438.45 -3.84924e+008 -9.48235e+007 -1.50233e+007 -7.59021e+008 7.35894e+008 2.48547e+006 -2.71674e+008 -6.04687e+008 87190.5 -1.75774e+008 3.63031e+008 8.2579e+007 
912462 1.3777e+006 3112.57 -3.64439e+008 -1.77336e+008 -1.37459e+007 -7.88797e+008 7.03587e+008 2.40713e+006 -3.21154e+008 -5.80571e+008 88952.5 -1.11061e+008 3.87392e+008 8.80869e+007 
914147 1.39001e+006 2884 -3.33002e+008 -2.54531e+008 -1.2056e+007 -8.17215e+008 6.70074e+008 2.32468e+006 -3.68416e+008 -5.52447e+008 90106.9 -4.30951e+007 4.00541e+008 9.10366e+007 
915083 1.40247e+006 2761.32 -2.92494e+008 -3.24826e+008 -1.00382e+007 -8.44227e+008 6.35411e+008 2.23825e+006 -4.1314e+008 -5.20516e+008 90616.9 2.6146e+007 4.02123e+008 9.13479e+007 
915467 1.41502e+006 2749.82 -2.44937e+008 -3.87346e+008 -7.77875e+006 -8.69786e+008 5.99658e+008 2.14798e+006 -4.55026e+008 -4.85005e+008 90443.8 9.46554e+007 3.92093e+008 8.90122e+007 
915492 1.42765e+006 2851 -1.92238e+008 -4.41804e+008 -5.35611e+006 -8.93847e+008 5.62876e+008 2.05403e+006 -4.93791e+008 -4.46167e+008 89607.8 1.60442e+008 3.70719e+008 8.40922e+007 
915331 1.44033e+006 3062.33 -1.3605e+008 -4.88331e+008 -2.83617e+006 -9.16369e+008 5.25128e+008 1.95657e+006 -5.29179e+008 -4.04274e+008 88161.1 2.21577e+008 3.38582e+008 7.67213e+007 
915140 1.45304e+006 3377.26 -7.7726e+007 -5.2732e+008 -271432 -9.37313e+008 4.8648e+008 1.85574e+006 -5.60954e+008 -3.59616e+008 86134.9 2.76241e+008 2.96562e+008 6.71015e+007 
915048 1.46577e+006 3785.48 -1.83385e+007 -5.59293e+008 2.29781e+006 -9.56642e+008 4.46996e+008 1.75173e+006 -5.88907e+008 -3.12501e+008 83550.8 3.22769e+008 2.45827e+008 5.55001e+007 
915165 1.47849e+006 4273.26 4.12865e+007 -5.84829e+008 4.84139e+006 -9.74323e+008 4.06745e+008 1.64472e+006 -6.12853e+008 -2.63254e+008 80430.6 3.59702e+008 1.8781e+008 4.22451e+007 
915577 1.49114e+006 4823.85 1.00521e+008 -6.04506e+008 7.33717e+006 -9.90326e+008 3.65797e+008 1.53488e+006 -6.32633e+008 -2.12209e+008 76798.9 3.85826e+008 1.24184e+008 2.77186e+007 
916348 1.50368e+006 5417.99 1.58894e+008 -6.18875e+008 9.76916e+006 -1.00462e+009 3.24222e+008 1.42241e+006 -6.48118e+008 -1.59716e+008 72683.4 4.00224e+008 5.6825e+007 1.23488e+007 
917522 1.51604e+006 6034.48 2.16053e+008 -6.28446e+008 1.2126e+007 -1.01719e+009 2.8209e+008 1.3075e+006 -6.59205e+008 -1.0613e+008 68115.5 4.0231e+008 -1.22358e+007 -3.4006e+006 
919120 1.52816e+006 6650.83 2.7174e+008 -6.33685e+008 1.43997e+007 -1.028e+009 2.39476e+008 1.19035e+006 -6.6582e+008 -5.18138e+007 63129.5 3.91865e+008 -8.08632e+007 -1.90426e+007 
921142 1.53995e+006 7243.99 3.25765e+008 -6.35011e+008 1.65851e+007 -1.03704e+009 1.96452e+008 1.07116e+006 -6.67921e+008 2.8637e+006 57762.4 3.69067e+008 -1.46883e+008 -3.40817e+007 
923567 1.55134e+006 7791.17 3.7799e+008 -6.328e+008 1.86784e+007 -1.04429e+009 1.53092e+008 950138 -6.65491e+008 5.75325e+007 52053.6 3.34497e+008 -2.08152e+008 -4.80296e+007 
926352 1.56226e+006 8270.67 4.28316e+008 -6.27387e+008 2.06777e+007 -1.04975e+009 1.09471e+008 827493 -6.58547e+008 1.11822e+008 46044.2 2.89144e+008 -2.62639e+008 -6.04234e+007 
929439 1.57265e+006 8662.79 4.76675e+008 -6.19073e+008 2.25816e+007 -1.05339e+009 6.56646e+007 703436 -6.47133e+008 1.65364e+008 39776.3 2.34382e+008 -3.08496e+008 -7.08433e+007 
932750 1.58244e+006 8950.6 5.2302e+008 -6.08129e+008 2.43899e+007 -1.05522e+009 2.17479e+007 578181 -6.31321e+008 2.17794e+008 33292.9 1.71937e+008 -3.44145e+008 -7.893e+007 
936193 1.59159e+006 9120.8 5.67321e+008 -5.94795e+008 2.61026e+007 -1.05524e+009 -2.22034e+007 451943 -6.11216e+008 2.68755e+008 26638.1 1.03829e+008 -3.68338e+008 -8.4401e+007 
939668 1.60009e+006 9164.23 6.09562e+008 -5.79288e+008 2.77204e+007 -1.05344e+009 -6.61138e+007 324940 -5.86947e+008 3.17899e+008 19856.4 3.22982e+007 -3.80222e+008 -8.70633e+007 
943067 1.60792e+006 9076.4 6.49734e+008 -5.61806e+008 2.92439e+007 -1.04982e+009 -1.09908e+008 197388 -5.58673e+008 3.64887e+008 12993 -4.02772e+007 -3.79377e+008 -8.68226e+007 
946282 1.61509e+006 8857.67 6.87836e+008 -5.42524e+008 3.06741e+007 -1.0444e+009 -1.5351e+008 69506.8 -5.26581e+008 4.09396e+008 6092.82 -1.11479e+008 -3.65835e+008 -8.3688e+007 
949207 1.62165e+006 8513.21 7.23873e+008 -5.21604e+008 3.2012e+007 -1.03718e+009 -1.96846e+008 -58487.5 -4.90882e+008 4.51116e+008 -799.042 -1.78946e+008 -3.40078e+008 -7.77711e+007 
951745 1.62764e+006 8052.79 7.5785e+008 -4.99194e+008 3.32588e+007 -1.02818e+009 -2.3984e+008 -186377 -4.51814e+008 4.89756e+008 -7638.06 -2.40465e+008 -3.03017e+008 -6.92812e+007 
953811 1.63314e+006 7490.28 7.89779e+008 -4.75426e+008 3.44156e+007 -1.01742e+009 -2.82421e+008 -313946 -4.09637e+008 5.25044e+008 -14380.2 -2.94055e+008 -2.55947e+008 -5.85147e+007 
955332 1.63822e+006 6843.03 8.1967e+008 -4.50426e+008 3.54835e+007 -1.0049e+009 -3.24514e+008 -440976 -3.64633e+008 5.56728e+008 -20982 -3.38041e+008 -2.00486e+008 -4.58418e+007 
956256 1.64299e+006 6131.09 8.47536e+008 -4.24306e+008 3.64636e+007 -9.90666e+008 -3.66048e+008 -567252 -3.17106e+008 5.8458e+008 -27400.7 -3.71102e+008 -1.38506e+008 -3.169e+007 
956549 1.64754e+006 5376.38 8.73389e+008 -3.97174e+008 3.73571e+007 -9.74728e+008 -4.06951e+008 -692555 -2.67378e+008 6.08398e+008 -33594 -3.92305e+008 -7.20545e+007 -1.6527e+007 
956194 1.65198e+006 4601.89 8.97243e+008 -3.69127e+008 3.81649e+007 -9.57118e+008 -4.47154e+008 -816666 -2.15788e+008 6.28004e+008 -39520.4 -4.01124e+008 -3.2776e+006 -842326 
955198 1.65642e+006 3830.79 9.19109e+008 -3.40257e+008 3.88882e+007 -9.37867e+008 -4.86589e+008 -939370 -1.62689e+008 6.4325e+008 -45138.4 -3.97436e+008 6.5657e+007 1.48697e+007 
953584 1.66096e+006 3085.77 9.39e+008 -3.10651e+008 3.95277e+007 -9.1701e+008 -5.25188e+008 -1.06046e+006 -1.08449e+008 6.54017e+008 -50407.2 -3.81506e+008 1.32629e+008 3.0126e+007 
951393 1.66569e+006 2388.33 9.56928e+008 -2.80391e+008 4.00846e+007 -8.94583e+008 -5.62886e+008 -1.17972e+006 -5.34425e+007 6.60215e+008 -55285.5 -3.53962e+008 1.95629e+008 4.44684e+007 
948682 1.67071e+006 1758.19 9.72902e+008 -2.49555e+008 4.05595e+007 -8.70625e+008 -5.9962e+008 -1.29696e+006 1.94547e+006 6.61788e+008 -59731.9 -3.15759e+008 2.52807e+008 5.74764e+007 
945523 1.67608e+006 1212.9 9.86933e+008 -2.18216e+008 4.09534e+007 -8.45179e+008 -6.35326e+008 -1.41197e+006 5.7326e+007 6.58709e+008 -63704 -2.68138e+008 3.02521e+008 6.87761e+007 
941998 1.68188e+006 767.383 9.99028e+008 -1.86446e+008 4.12669e+007 -8.18289e+008 -6.69945e+008 -1.52456e+006 1.12308e+008 6.50986e+008 -67157.8 -2.12584e+008 3.4337e+008 7.80492e+007 
938199 1.68816e+006 433.705 1.0092e+009 -1.54312e+008 4.15007e+007 -7.90002e+008 -7.03419e+008 -1.63455e+006 1.665e+008 6.38661e+008 -70047.5 -1.50779e+008 3.74221e+008 8.50383e+007 
934226 1.69495e+006 220.838 1.01745e+009 -1.2188e+008 4.16555e+007 -7.60366e+008 -7.3569e+008 -1.74175e+006 2.19514e+008 6.21808e+008 -72324.3 -8.45548e+007 3.94226e+008 8.95517e+007 
930183 1.70228e+006 134.515 1.02378e+009 -8.9216e+007 4.17318e+007 -7.29434e+008 -7.66706e+008 -1.84597e+006 2.70969e+008 6.00533e+008 -73935.5 -1.58495e+007 4.02842e+008 9.14665e+007 
