1.6558e-005 6.85675e-005 1.61828e-005 -0.233972 8203.83 -0.0138596 -0.22427 10879.3 0.00314249 0.562832 13643 2.35964e-006 17330 -1.4565 -0.332209 
0.0449754 0.138878 0.0322416 -468.363 8197.33 -27.5853 -448.549 10869.6 6.17947 1125.02 13597.2 0.00448376 17078.9 -2901.38 -661.769 
0.113434 0.278579 0.063628 -937.515 8177.49 -54.3515 -895.63 10840.4 11.7624 2242.26 13460.3 0.00860965 16331.7 -5723.13 -1305.37 
0.204725 0.415528 0.0933489 -1408.42 8143.48 -79.8346 -1340.44 10792.5 16.3964 3345.1 13232.8 0.0125664 15105.6 -8389.64 -1913.57 
0.317634 0.546182 0.120602 -1881.44 8094.38 -103.948 -1782.21 10726.4 20.0118 4426.42 12916.4 0.0165402 13429.4 -10826.2 -2469.33 
0.450397 0.667162 0.144627 -2356.72 8029.35 -126.854 -2220.34 10642.6 22.72 5479.22 12512.6 0.0207085 11343.5 -12961.9 -2956.46 
0.600698 0.775329 0.164718 -2834.32 7947.74 -148.799 -2654.29 10541.4 24.6943 6496.6 12024.1 0.0252314 8899.89 -14731 -3359.98 
0.765676 0.86787 0.180248 -3314.29 7848.92 -170.019 -3083.5 10422.9 26.1007 7471.87 11453.6 0.0302449 6162.2 -16075 -3666.53 
0.941954 0.942399 0.190686 -3796.74 7732.29 -190.707 -3507.4 10287.5 27.0737 8398.53 10804.6 0.0358556 3204.81 -16944.5 -3864.87 
1.12567 0.997061 0.195629 -4281.76 7597.14 -211.008 -3925.4 10135.3 27.7148 9270.33 10081 0.0421357 112.104 -17301.8 -3946.38 
1.31258 1.03065 0.194818 -4769.49 7442.7 -231.027 -4336.87 9966.51 28.0985 10081.3 9287.18 0.0491199 -3023.13 -17122.9 -3905.59 
1.49812 1.04269 0.188168 -5260.06 7268.03 -250.839 -4741.2 9781.32 28.2784 10825.7 8428.09 0.0568032 -6102 -16400 -3740.7 
1.67759 1.03359 0.17579 -5753.6 7072.04 -270.498 -5137.75 9580.01 28.2937 11498.4 7509.05 0.0651408 -9022.53 -15143.1 -3454.04 
1.84629 1.00463 0.158 -6250.22 6853.49 -290.04 -5525.9 9362.86 28.1727 12094.4 6535.84 0.0740495 -11683.5 -13381.9 -3052.33 
1.99977 0.958044 0.135328 -6749.98 6610.91 -309.486 -5905.03 9130.18 27.9364 12609.1 5514.67 0.083412 -13988.6 -11165.7 -2546.84 
2.13401 0.896951 0.108509 -7252.87 6342.63 -328.85 -6274.52 8882.32 27.6002 13038.7 4452.13 0.0930831 -15851.5 -8562.99 -1953.21 
2.24567 0.825301 0.0784638 -7758.81 6046.73 -348.133 -6633.77 8619.63 27.1761 13379.6 3355.17 0.1029 -17200.3 -5659.7 -1291.01 
2.33224 0.747707 0.0462643 -8267.6 5720.99 -367.328 -6982.19 8342.52 26.6735 13628.9 2231.09 0.112699 -17981.6 -2555.66 -583.016 
2.39225 0.669245 0.0130852 -8778.92 5362.9 -386.417 -7319.18 8051.41 26.0997 13784.2 1087.45 0.122335 -18164 639.537 145.767 
2.42532 0.595218 -0.0198509 -9292.24 4969.57 -405.37 -7644.2 7746.75 25.4607 13843.7 -67.9456 0.131727 -17740.3 3811.85 869.329 
2.43221 0.530888 -0.0513343 -9806.81 4537.71 -424.144 -7956.68 7429.01 24.7617 13806.4 -1227.08 0.140927 -16727.5 6848.36 1561.91 
2.41472 0.48123 -0.0802275 -10321.5 4063.52 -442.681 -8256.09 7098.69 24.007 13671.8 -2381.79 0.150286 -15166.1 9642.79 2199.28 
2.3756 0.450699 -0.105519 -10835 3542.69 -460.9 -8541.93 6756.3 23.2004 13440.2 -3523.83 0.160884 -13117.3 12100.4 2759.83 
2.31836 0.443053 -0.126363 -11345.1 2970.26 -478.698 -8813.7 6402.4 22.3452 13112.6 -4644.92 0.175939 -10659.5 14142.1 3225.5 
2.24706 0.461236 -0.142114 -11849.2 2340.57 -495.941 -9070.93 6037.53 21.4447 12690.8 -5736.77 0.207016 -7883.37 15706.8 3582.37 
2.16602 0.507312 -0.152338 -12344 1647.01 -512.474 -9313.15 5662.27 20.5017 12177.5 -6790.99 0.313545 -4887.77 16753.1 3821 
2.07966 0.582472 -0.156815 -12824.4 881.46 -528.16 -9539.94 5277.25 19.5191 11576 -7797.86 0.712941 -1774.67 17259.3 3936.44 
1.99226 0.687076 -0.155533 -13282.8 36.5276 -542.486 -9750.88 4883.08 18.4995 10887.3 -8751.83 0.945526 1354.84 17222.8 3928.07 
1.90771 0.820733 -0.148672 -13711.7 -896.466 -555.036 -9945.59 4480.43 17.4455 10118.2 -9647.05 0.967293 4404.07 16657.9 3799.21 
1.82944 0.982404 -0.13658 -14099.7 -1928.4 -565.366 -10123.7 4069.95 16.3596 9274.24 -10475.3 0.950603 7283.39 15594.6 3556.63 
1.7602 1.1705 -0.119754 -14431.7 -3070.5 -572.811 -10285 3652.31 15.2442 8361.27 -11229.8 0.92022 9912.27 14075.3 3210.06 
1.70197 1.38296 -0.0988144 -14687.6 -4334.26 -576.493 -10429.1 3228.2 14.1017 7385.77 -11904.5 0.880984 12220.6 12153.3 2771.62 
1.65583 1.61732 -0.0744867 -14841.2 -5730.63 -575.271 -10555.7 2798.31 12.9346 6354.81 -12493.9 0.834542 14149.3 9890.14 2255.34 
1.62185 1.8707 -0.0475831 -14858 -7268.38 -567.666 -10664.6 2363.36 11.7454 5275.95 -12993.4 0.781837 15651.1 7353.8 1676.66 
1.59897 2.13973 -0.0189871 -14693.9 -8951.4 -551.714 -10755.6 1924.06 10.5364 4157.22 -13398.8 0.723638 16690 4617.1 1052 
1.58496 2.42038 0.0103597 -14292.8 -10773.8 -525.035 -10828.5 1481.15 9.30995 3007 -13706.8 0.660678 17241.3 1755.78 398.459 
1.5764 2.70761 0.0394746 -13588.2 -12712.8 -485.63 -10883.2 1035.37 8.0678 1833.99 -13914.9 0.593685 17292.4 -1153.32 -265.497 
1.56887 2.99489 0.0673585 -12506.5 -14720.5 -430.692 -10919.4 587.482 6.81121 647.071 -14021.4 0.523384 16842.8 -4031.56 -922.041 
1.55757 3.27371 0.0930338 -10975.4 -16713.3 -357.579 -10937.2 138.242 5.54136 -544.721 -14025.5 0.45048 15902.5 -6800.86 -1553.6 
1.53838 3.53318 0.115604 -8944.63 -18563.8 -264.879 -10936.5 -311.582 4.25993 -1732.31 -13927 0.375629 14493.5 -9384.95 -2142.84 
1.50943 3.76031 0.134329 -6413.32 -20105.2 -153.446 -10917.2 -761.225 2.96914 -2906.66 -13726.9 0.299399 12648.9 -11710.4 -2673.03 
1.47283 3.94152 0.148704 -3459.32 -21156.2 -27.4192 -10879.4 -1209.92 1.67149 -4058.87 -13426.7 0.222215 10413.9 -13708.2 -3128.42 
1.4352 4.06535 0.158485 -250.115 -21567.4 105.575 -10823.1 -1656.89 0.369528 -5180.22 -13029 0.144291 7845.07 -15315.2 -3494.64 
1.40635 4.12551 0.163639 2982.01 -21273.5 235.721 -10748.3 -2101.38 -0.934265 -6262.31 -12536.9 0.0655256 5010.37 -16476.3 -3759.13 
1.39598 4.12248 0.164222 5998.23 -20319.5 353.529 -10655.2 -2542.62 -2.23748 -7297.08 -11954.5 -0.0146311 1988.34 -17146.5 -3911.62 
1.41018 4.0626 0.160268 8615.21 -18842.8 452.263 -10543.8 -2979.85 -3.53775 -8276.93 -11286.4 -0.0973514 -1133.04 -17293.1 -3944.69 
1.44971 3.95533 0.151751 10737.8 -17023.4 529.008 -10414.4 -3412.3 -4.83277 -9194.74 -10538.1 -0.1846 -4258.24 -16898.4 -3854.28 
1.51036 3.81056 0.138636 12353.8 -15034.1 584.196 -10267.2 -3839.22 -6.12028 -10044 -9715.45 -0.279187 -7286.72 -15961.3 -3640.18 
1.58472 3.63697 0.120972 13507 -13010.9 620.338 -10102.4 -4259.86 -7.39802 -10818.6 -8824.94 -0.384424 -10116.3 -14499.7 -3306.46 
1.66398 3.44166 0.0989712 14267.5 -11045.9 640.782 -9920.2 -4673.5 -8.66379 -11513.5 -7873.49 -0.502986 -12647.2 -12550.9 -2861.64 
1.73939 3.23054 0.0730552 14710.7 -9193.09 648.883 -9720.96 -5079.39 -9.9154 -12123.9 -6868.46 -0.634761 -14786.5 -10172.2 -2318.78 
1.80313 3.00878 0.0438702 14905.5 -7478.57 647.57 -9504.98 -5476.84 -11.1507 -12646 -5817.5 -0.77432 -16453 -7439.27 -1695.13 
1.8488 2.78132 0.0122664 14909.9 -5910.38 639.212 -9272.63 -5865.13 -12.3676 -13076.7 -4728.48 -0.907041 -17581.7 -4444.1 -1011.62 
1.87159 2.55309 -0.0207424 14770.8 -4486.16 625.665 -9024.3 -6243.58 -13.564 -13414.5 -3609.04 -0.940217 -18127.4 -1291.01 -292.097 
1.86841 2.32903 -0.0540342 14523.7 -3202.47 607.336 -8760.4 -6611.53 -14.7378 -13656.2 -2457.05 1.69205 -18068.3 1908.23 437.746 
1.83779 2.11406 -0.0864429 14194.4 -2039.32 587.492 -8481.37 -6968.31 -15.8871 -13796 -1301.28 2.07352 -17407.1 5039.36 1151.83 
1.77983 1.91291 -0.116824 13807.6 -988.688 566.09 -8187.7 -7313.31 -17.0098 -13841.1 -141.621 2.00977 -16170.3 7991.4 1824.9 
1.69597 1.72989 -0.144113 13378 -39.7695 543.517 -7879.87 -7645.9 -18.1041 -13789.6 1015.19 1.91178 -14407.3 10662.2 2433.71 
1.58882 1.56873 -0.167384 12917.6 818.055 520.186 -7558.43 -7965.5 -19.168 -13642.1 2161.21 1.80156 -12186.4 12962.8 2958 
1.46191 1.43244 -0.185878 12435.2 1594.44 496.407 -7223.92 -8271.54 -20.1997 -13400.3 3288.57 1.68226 -9591.38 14821.1 3381.34 
1.31939 1.32319 -0.199039 11937.8 2298 472.407 -6876.91 -8563.49 -21.1974 -13066.4 4389.66 1.55428 -6716.82 16183.9 3691.6 
1.16582 1.24227 -0.206518 11430.3 2936.36 448.35 -6518.01 -8840.81 -22.159 -12643.1 5457.12 1.41764 -3663.15 17017.6 3881.17 
1.00593 1.19009 -0.208171 10916.6 3516.2 424.355 -6147.84 -9103.03 -23.0828 -12133.9 6483.91 1.27247 -532.357 17308.2 3946.86 
0.844393 1.16625 -0.204051 10399.4 4043.39 400.505 -5767.04 -9349.67 -23.9667 -11542.8 7463.31 1.11916 2575.91 17060.1 3889.69 
0.685683 1.16961 -0.194385 9880.92 4523.04 376.857 -5376.27 -9580.29 -24.8086 -10874 8389 0.958282 5567.52 16293.9 3714.39 
0.533947 1.19839 -0.179552 9362.66 4959.63 353.45 -4976.22 -9794.49 -25.6069 -10132.6 9255.09 0.790644 8356.32 15044.8 3428.99 
0.392912 1.25025 -0.160058 8845.72 5357.06 330.308 -4567.57 -9991.88 -26.3607 -9323.64 10056.1 0.617197 10865.8 13359.7 3044.21 
0.265829 1.32244 -0.136515 8330.9 5718.74 307.445 -4151.06 -10172.1 -27.0691 -8452.91 10787 0.439031 13030.1 11295.2 2573 
0.155442 1.41185 -0.109613 7818.73 6047.65 284.866 -3727.42 -10334.9 -27.7317 -7526.35 11443.2 0.257336 14794.7 8915.72 2030.01 
0.0639675 1.51512 -0.0801024 7309.54 6346.42 262.571 -3297.39 -10479.9 -28.3474 -6550.24 12020.8 0.0733835 16116.9 6291.08 1431.2 
-0.00690934 1.62871 -0.0487782 6803.52 6617.31 240.556 -2861.72 -10606.9 -28.9153 -5531.14 12516.1 -0.111499 16965.3 3495.29 793.456 
-0.0560344 1.74896 -0.016463 6300.74 6862.33 218.812 -2421.17 -10715.7 -29.4341 -4475.82 12926.1 -0.295946 17320.1 604.987 134.253 
-0.0827849 1.87213 0.0160057 5801.19 7083.23 197.33 -1976.5 -10806.1 -29.9028 -3391.23 13248.4 -0.478573 17173.3 -2301.77 -528.607 
-0.0870696 1.99451 0.0477877 5304.78 7281.53 176.097 -1528.5 -10877.9 -30.3205 -2284.49 13481 -0.657994 16528.1 -5146.68 -1177.27 
-0.0693322 2.11238 0.0780522 4811.37 7458.57 155.102 -1077.94 -10931 -30.6864 -1162.84 13622.5 -0.832855 15399.2 -7852.29 -1794.07 
-0.0305567 2.22215 0.105991 4320.77 7615.51 134.33 -625.608 -10965.3 -30.9996 -33.5678 13671.9 -1.00186 13813 -10343.2 -2361.82 
0.0277272 2.32038 0.130833 3832.78 7753.34 113.767 -172.311 -10980.9 -31.2595 1096.01 13629 -1.16382 11807.5 -12547.5 -2864.13 
0.103441 2.40385 0.151859 3347.15 7872.93 93.3996 281.145 -10977.5 -31.4656 2218.61 13494 -1.31756 9432.43 -14398.2 -3285.73 
0.193965 2.46969 0.168425 2863.63 7975.02 73.2119 733.958 -10955.3 -31.6176 3326.94 13267.6 -1.46193 6748.95 -15835 -3612.88 
0.296153 2.51538 0.179979 2381.93 8060.2 53.1896 1185.34 -10914.4 -31.7152 4413.77 12951.3 -1.59583 3829.42 -16806.5 -3833.86 
0.406377 2.53897 0.186088 1901.79 8129 33.3179 1634.5 -10854.7 -31.7582 5471.93 12546.9 -1.71824 756.372 -17272.3 -3939.48 
0.520593 2.5391 0.186465 1422.92 8181.81 13.5828 2080.67 -10776.5 -31.7466 6494.44 12056.9 -1.82826 -2378.87 -17205.2 -3923.59 
0.634437 2.51517 0.180989 945.019 8218.94 -6.02899 2523.08 -10679.9 -31.6804 7474.46 11484.3 -1.92508 -5478.36 -16594.1 -3783.62 
0.743366 2.46737 0.16973 467.804 8240.62 -25.5299 2960.95 -10565 -31.56 8405.39 10832.6 -2.00804 -8440.38 -15445.1 -3521.04 
0.842822 2.39683 0.152964 -9.02655 8246.97 -44.9321 3393.54 -10432.2 -31.3854 9280.9 10105.7 -2.07659 -11163.1 -13784 -3141.7 
0.928439 2.30559 0.131179 -485.773 8238.06 -64.2477 3820.1 -10281.6 -31.1573 10094.9 9308.11 -2.13028 -13549 -11656.1 -2655.97 
0.996253 2.19658 0.105075 -962.74 8213.84 -83.4888 4239.89 -10113.5 -30.8762 10841.8 8444.9 -2.16882 -15509.2 -9126.21 -2078.65 
1.04293 2.0736 0.0755374 -1440.23 8174.18 -102.667 4652.19 -9928.23 -30.5426 11516.1 7521.5 -2.192 -16968.5 -6276.92 -1428.6 
1.06597 1.94112 0.0436139 -1918.53 8118.87 -121.793 5056.31 -9726.15 -30.1574 12113 6543.8 -2.19974 -17869.4 -3205.6 -728.013 
1.06386 1.80411 0.0104646 -2397.95 8047.6 -140.878 5451.56 -9507.6 -29.7216 12627.9 5518.13 -2.19208 -18176.2 -20.2578 -1.53776 
1.0362 1.6678 -0.0226907 -2878.77 7959.99 -159.931 5837.26 -9273 -29.236 13056.9 4451.2 -2.16914 -17876.5 3165.57 724.934 
0.983703 1.53741 -0.0546327 -3361.27 7855.51 -178.961 6212.77 -9022.76 -28.7019 13396.5 3350.08 -2.13114 -16982.4 6238.36 1425.51 
0.908206 1.41791 -0.0842022 -3845.71 7733.58 -197.976 6577.45 -8757.34 -28.1202 13643.8 2222.16 -2.07842 -15530 9090.13 2075.59 
0.812521 1.31377 -0.110354 -4332.34 7593.46 -216.981 6930.68 -8477.21 -27.4917 13796.5 1075.1 -2.01133 -13576.3 11623.6 2652.97 
0.700284 1.22877 -0.132203 -4821.4 7434.3 -235.982 7271.88 -8182.87 -26.8167 13853 -83.2091 -1.93035 -11196.5 13756.1 3138.85 
0.575746 1.16584 -0.149052 -5313.1 7255.12 -254.982 7600.48 -7874.85 -26.0958 13812.1 -1244.68 -1.83595 -8479.17 15422.9 3518.46 
0.443553 1.12702 -0.160416 -5807.61 7054.78 -273.983 7915.92 -7553.7 -25.33 13673.6 -2401.1 -1.72868 -5521.62 16578.6 3781.44 
0.308525 1.11345 -0.166018 -6305.07 6831.95 -292.981 8217.7 -7220 -24.521 13437.8 -3544.21 -1.60904 -2425.45 17197.4 3921.97 
0.175454 1.12534 -0.165789 -6805.55 6585.14 -311.974 8505.31 -6874.34 -23.6706 13105.9 -4665.71 -1.4775 707.881 17272.8 3938.57 
0.0489356 1.16211 -0.15985 -7309.08 6312.62 -330.951 8778.3 -6517.32 -22.7806 12679.5 -5757.37 -1.33437 3780.6 16815.9 3833.78 
-0.0667721 1.22247 -0.148489 -7815.57 6012.43 -349.9 9036.22 -6149.56 -21.8528 12161.3 -6811.09 -1.17955 6701.51 15853.4 3613.7 
-0.167846 1.3045 -0.132136 -8324.85 5682.29 -368.802 9278.67 -5771.72 -20.889 11554.5 -7818.95 -1.01199 9388.11 14425.3 3287.48 
-0.250968 1.40581 -0.111343 -8836.58 5319.65 -387.629 9505.25 -5384.44 -19.891 10863.1 -8773.27 -0.828349 11768 12582.6 2866.79 
-0.313371 1.52361 -0.086755 -9350.27 4921.53 -406.35 9715.6 -4988.39 -18.8603 10091.9 -9666.67 -0.620493 13779.9 10385.3 2365.29 
-0.352856 1.65483 -0.0590908 -9865.13 4484.52 -424.918 9909.41 -4584.27 -17.7989 9246.1 -10492.1 -0.378481 15373.8 7900.01 1798.19 
-0.367812 1.79621 -0.029124 -10379.9 4004.73 -443.26 10086.4 -4172.76 -16.7086 8331.56 -11243 -0.120738 16511.4 5198.45 1181.86 
-0.357211 1.94436 0.00233303 -10893.1 3477.9 -461.272 10246.2 -3754.57 -15.5911 7354.64 -11913.8 0.112596 17166.1 2355.81 533.44 
-0.32062 2.09585 0.0344437 -11402.6 2899.06 -478.841 10388.7 -3330.42 -14.4483 6322.59 -12499.4 0.320545 17322.5 -550.573 -129.422 
-0.2582 2.24725 0.066359 -11905.8 2262.42 -495.825 10513.6 -2901.02 -13.2823 5243.14 -12995 0.515825 16977.2 -3442.37 -788.871 
-0.170719 2.39523 0.0972297 -12398.8 1561.35 -512.036 10620.7 -2467.12 -12.0949 4124.34 -13396.6 0.70463 16137.8 -6241.41 -1427.09 
-0.0595719 2.53656 0.126217 -12876.7 788.338 -527.231 10710 -2029.44 -10.888 2974.57 -13700.9 0.888785 14823.7 -8870.85 -2026.57 
0.0731954 2.66823 0.152507 -13332.8 -65.0806 -541.102 10781.2 -1588.72 -9.66374 1802.47 -13905.5 1.06826 13065.8 -11256.5 -2570.37 
0.224854 2.78749 0.175323 -13758.2 -1008.33 -553.254 10834.3 -1145.7 -8.42412 616.884 -14008.8 1.24207 10906.8 -13328.1 -3042.46 
0.391956 2.89193 0.19394 -14141.1 -2051.84 -563.156 10869.2 -701.125 -7.1712 -573.219 -14009.9 1.40846 8401.05 -15021.3 -3428.12 
0.570294 2.97956 0.20771 -14466.2 -3206.84 -570.108 10886 -255.734 -5.90708 -1758.84 -13908.9 1.56471 5614.33 -16278.9 -3714.37 
0.754866 3.04889 0.216072 -14712.6 -4484.84 -573.208 10884.6 189.731 -4.63389 -2931.03 -13706.6 1.70671 2623.2 -17053.7 -3890.43 
0.939841 3.09896 0.218583 -14853.4 -5896.69 -571.29 10865 634.533 -3.3538 -4080.96 -13404.6 1.82874 -486.047 -17310.2 -3948.25 
1.11854 3.12939 0.214933 -14853 -7450.8 -562.868 10827.3 1077.94 -2.06902 -5200.02 -13005.4 1.92385 -3619.15 -17027.4 -3883.06 
1.28346 3.14027 0.20497 -14665.9 -9150.15 -546.078 10771.6 1519.22 -0.781855 -6279.87 -12512.2 1.98611 -6676.25 -16200.8 -3693.85 
1.42633 3.132 0.188714 -14235.1 -10987.5 -518.646 10698 1957.65 0.505351 -7312.51 -11929.1 2.01426 -9555.13 -14844.4 -3383.8 
1.53836 3.10493 0.166376 -13492.9 -12938.3 -477.946 10606.6 2392.52 1.79016 -8290.38 -11260.7 2.01384 -12155.1 -12991.4 -2960.59 
1.61063 3.05883 0.138372 -12364.2 -14951.1 -421.216 10497.7 2823.12 3.07013 -9206.38 -10512.4 1.99474 -14381.5 -10695.2 -2436.38 
1.63498 2.99225 0.105343 -10778.3 -16937.1 -346.059 10371.4 3248.76 4.34305 -10054 -9689.94 1.96599 -16150.4 -8028.05 -1827.66 
1.60538 2.90206 0.0681772 -8688.5 -18763.6 -251.302 10228 3668.73 5.60718 -10827.2 -8799.82 1.93275 -17393.4 -5078.77 -1154.73 
1.51973 2.78358 0.0280403 -6101.71 -20260.1 -138.146 10067.7 4082.36 6.86127 -11520.7 -7848.91 1.89651 -18061.1 -1949.52 -440.911 
1.38167 2.63199 -0.0136181 -3106.16 -21245.8 -11.1563 9890.74 4488.97 8.10404 -12129.8 -6844.47 1.85662 -18127.2 1248.92 288.537 
1.20103 2.44479 -0.055119 120.797 -21578.1 121.687 9697.51 4887.9 9.33374 -12650.7 -5794.07 1.81178 -17589 4402.43 1007.59 
0.992231 2.22447 -0.094698 3342.18 -21203.8 250.463 9488.31 5278.49 10.5482 -13079.9 -4705.53 1.76071 -16468.4 7399.22 1690.75 
0.770673 1.97947 -0.13071 6322.32 -20180.7 365.865 9263.52 5660.12 11.7452 -13415.1 -3586.9 1.70219 -14810.2 10135.2 2314.33 
0.549244 1.72262 -0.161814 8887.76 -18654.6 460.89 9023.52 6032.17 12.9224 -13654.5 -2446.35 1.63513 -12680.1 12519.3 2858.3 
0.336512 1.4681 -0.187055 10953 -16803.8 531.261 8768.72 6394.06 14.0779 -13796.9 -1292.12 1.55851 -10157.9 14471 3307.56 
0.137015 1.2285 -0.20586 12512.2 -14802.6 583.729 8499.54 6745.22 15.2095 -13842.1 -132.423 1.47125 -7334.08 15938.8 3641.79 
-0.0473387 1.01331 -0.217979 13615.7 -12781.3 617.784 8216.44 7085.08 16.3155 -13790.3 1024.66 1.37151 -4310.4 16884 3856.28 
-0.215848 0.828582 -0.223412 14335.2 -10826.8 636.658 7919.88 7413.1 17.394 -13642.5 2171.34 1.25524 -1188.58 17288 3947.13 
-0.368062 0.677374 -0.222354 14745.4 -8989.28 643.641 7610.35 7728.77 18.4432 -13399.8 3300.02 1.12751 1931.16 17151.4 3914.55 
-0.503333 0.560439 -0.215159 14914.2 -7291.76 641.591 7288.36 8031.57 19.4614 -13064.3 4401.8 1.01061 4953.47 16491.7 3762.56 
-0.620719 0.476857 -0.202308 14898.8 -5740.79 632.842 6954.44 8321.02 20.4472 -12639.8 5469.44 0.889247 7790.48 15340.9 3498.55 
-0.719052 0.424543 -0.184383 14744.2 -4333.04 619.211 6609.13 8596.67 21.3989 -12129.6 6496.32 0.759262 10363.6 13743.7 3132.74 
-0.797072 0.400628 -0.162052 14485.6 -3059.79 602.075 6253 8858.08 22.3151 -11537.4 7475.8 0.622207 12604.8 11754.9 2677.66 
-0.853568 0.401724 -0.13605 14149.9 -1909.98 582.464 5886.63 9104.82 23.1945 -10867.5 8401.54 0.4796 14457.2 9436.98 2147.63 
-0.887487 0.42411 -0.107159 13757.6 -871.936 561.144 5510.62 9336.5 24.0357 -10124.9 9267.63 0.332775 15875.4 6858.84 1558.39 
-0.898033 0.463865 -0.0762002 13323.9 65.6667 538.678 5125.57 9552.76 24.8374 -9314.72 10068.6 0.182993 16825.7 4093.63 926.652 
-0.884724 0.51696 -0.0440142 12860.5 913.359 515.482 4732.12 9753.24 25.5987 -8442.65 10799.3 0.0314871 17285.8 1217.47 269.811 
-0.847454 0.579331 -0.0114551 12376.2 1680.68 491.857 4330.89 9937.62 26.3182 -7514.66 11455.3 -0.120521 17245.2 -1691.82 -394.365 
-0.786524 0.646932 0.0206225 11877.4 2376.12 468.023 3922.54 10105.6 26.995 -6537.05 12032.4 -0.271819 16704.6 -4555.92 -1047.99 
-0.702676 0.715789 0.0513746 11369 3007.2 444.142 3507.73 10257 27.6282 -5516.37 12527.2 -0.421213 15676.2 -7297.1 -1673.33 
-0.597125 0.782048 0.0799792 10854.9 3580.51 420.326 3087.13 10391.4 28.2167 -4459.4 12936.5 -0.567535 14184 -9839.44 -2253.05 
-0.471572 0.842033 0.10565 10337.5 4101.81 396.656 2661.42 10508.7 28.7596 -3373.1 13257.9 -0.709653 12263.5 -12110.1 -2770.55 
-0.328231 0.89231 0.127651 9819.12 4576.14 373.187 2231.27 10608.7 29.2562 -2264.61 13489.3 -0.846482 9961.87 -14040.9 -3210.28 
-0.169824 0.929765 0.145316 9301.08 5007.92 349.956 1797.4 10691.2 29.7053 -1141.17 13629.4 -0.976992 7337.92 -15569.9 -3558.13 
0.000420725 0.951693 0.158072 8784.48 5400.99 326.987 1360.49 10756.1 30.1061 -10.1097 13677.3 -1.10022 4461.71 -16643.6 -3801.91 
0.178802 0.955897 0.165457 8270.06 5758.7 304.29 921.252 10803.3 30.4573 1121.22 13632.7 -1.21528 1413.77 -17219.1 -3931.87 
0.361201 0.940796 0.16715 7758.33 6083.99 281.871 480.396 10832.6 30.7578 2245.43 13495.7 -1.32136 -1716.27 -17266.3 -3941.17 
0.543174 0.905529 0.162994 7249.59 6379.42 259.728 38.6394 10844.1 31.0069 3355.18 13267.2 -1.41774 -4831.59 -16770.3 -3826.48 
0.720072 0.850054 0.153017 6744.02 6647.24 237.856 -403.298 10837.7 31.2045 4443.2 12948.6 -1.50381 -7830.98 -15733.7 -3588.41 
0.887211 0.775222 0.137454 6241.69 6889.4 216.249 -844.7 10813.3 31.3506 5502.32 12541.7 -1.57902 -10612.3 -14177.9 -3231.91 
1.04006 0.682812 0.116751 5742.57 7107.62 194.899 -1284.85 10771.2 31.4452 6525.51 12049 -1.64295 -13076.7 -12144.2 -2766.45 
1.17445 0.575523 0.0915635 5246.58 7303.4 173.794 -1723.04 10711.2 31.4882 7505.91 11473.5 -1.69527 -15133.2 -9693.33 -2205.96 
1.28682 0.456909 0.0627444 4753.56 7478.07 152.923 -2158.55 10633.4 31.4795 8436.91 10818.6 -1.73573 -16703.4 -6904.5 -1568.54 
1.37439 0.331244 0.0313119 4263.35 7632.75 132.272 -2590.69 10538.1 31.4189 9312.13 10088.5 -1.76418 -17725.8 -3872.2 -875.797 
1.43537 0.203342 -0.00159196 3775.71 7768.43 111.827 -3018.74 10425.3 31.3064 10125.5 9287.7 -1.78055 -18159.9 -702.55 -151.97 
1.46903 0.078323 -0.0347541 3290.4 7885.97 91.5722 -3442 10295.2 31.142 10871.3 8421.2 -1.78487 -17988.3 2491.7 577.189 
1.47581 -0.0386465 -0.0669497 2807.17 7986.07 71.4944 -3859.79 10147.9 30.9257 11544.2 7494.54 -1.77721 -17218.2 5596.65 1285.68 
1.45726 -0.142615 -0.0970023 2325.74 8069.33 51.5789 -4271.41 9983.81 30.6579 12139.2 6513.66 -1.7577 -15880.5 8502.84 1948.53 
1.41595 -0.229091 -0.123839 1845.84 8136.26 31.8116 -4676.18 9803.04 30.3388 12651.8 5484.94 -1.72656 -14028.2 11110.4 2542.97 
1.3553 -0.294249 -0.146539 1367.17 8187.24 12.1786 -5073.44 9605.9 29.9688 13078.2 4415.15 -1.684 -11732.9 13333.6 3049.44 
1.27942 -0.335075 -0.164363 889.447 8222.58 -7.33363 -5462.53 9392.68 29.5485 13414.8 3311.41 -1.6303 -9080.55 15103.6 3452.29 
1.19286 -0.349461 -0.176782 412.367 8242.48 -26.7383 -5842.8 9163.73 29.0783 13658.7 2181.16 -1.56575 -6166.95 16370.9 3740.25 
1.10039 -0.336231 -0.183475 -64.3675 8247.08 -46.0481 -6213.61 8919.4 28.559 13807.7 1032.11 -1.49066 -3093 17105.7 3906.56 
1.00681 -0.29512 -0.184331 -541.056 8236.4 -65.2754 -6574.34 8660.06 27.9915 13860.2 -127.785 -1.40537 39.622 17297.4 3948.84 
0.916765 -0.226711 -0.179431 -1018 8210.39 -84.4321 -6924.39 8386.12 27.3765 13815.1 -1290.41 -1.31019 3132.21 16953.3 3868.85 
0.834592 -0.132343 -0.169028 -1495.49 8168.92 -103.53 -7263.16 8098.02 26.7151 13672.3 -2447.53 -1.20544 6092.06 16097.1 3671.97 
0.764228 -0.014003 -0.153524 -1973.83 8111.77 -122.578 -7590.08 7796.19 26.0084 13432 -3590.83 -1.09141 8834.73 14765.8 3366.75 
0.70913 0.125782 -0.133446 -2453.3 8038.63 -141.589 -7904.6 7481.13 25.2575 13095.5 -4712.01 -0.968345 11285.6 13008.4 2964.39 
0.672228 0.284054 -0.109417 -2934.19 7949.07 -160.57 -8206.17 7153.32 24.4637 12664.6 -5802.8 -0.836441 13381 10883 2478.15 
0.655897 0.457524 -0.0821413 -3416.78 7842.6 -179.531 -8494.28 6813.29 23.6285 12141.9 -6855.08 -0.695801 15068.4 8454.67 1922.97 
0.661955 0.642656 -0.0523779 -3901.34 7718.6 -198.478 -8768.42 6461.57 22.7533 11530.7 -7860.93 -0.546467 16307 5794.26 1315 
0.691651 0.835748 -0.0209284 -4388.1 7576.33 -217.418 -9028.1 6098.73 21.8399 10835 -8812.73 -0.388412 17067.6 2976.23 671.263 
0.745679 1.033 0.0113802 -4877.32 7414.93 -236.357 -9272.86 5725.36 20.8901 10059.6 -9703.21 -0.221324 17332.5 77.5264 9.3368 
0.824171 1.23056 0.0437074 -5369.19 7233.39 -255.296 -9502.26 5342.09 19.9056 9209.79 -10525.5 -0.0442029 17095.3 -2823.67 -652.929 
0.926706 1.4246 0.075212 -5863.9 7030.54 -274.239 -9715.91 4949.52 18.8878 8291.69 -11273.2 0.14493 16361.5 -5649.08 -1297.67 
1.0523 1.61137 0.105064 -6361.58 6805.05 -293.184 -9913.41 4548.31 17.8376 7311.93 -11940.5 0.348374 15147.9 -8321.48 -1907.26 
1.19941 1.78724 0.132459 -6862.3 6555.36 -312.126 -10094.4 4139.11 16.7558 6277.63 -12521.9 0.565167 13482.8 -10765.9 -2464.59 
1.36594 1.94879 0.15663 -7366.03 6279.72 -331.053 -10258.6 3722.6 15.6435 5196.36 -13012.9 0.786035 11406.3 -12911.2 -2953.43 
1.5492 2.09286 0.176869 -7872.64 5976.14 -349.948 -10405.6 3299.46 14.5026 4076.09 -13409.7 0.997617 8970.47 -14691.3 -3358.73 
1.74597 2.21669 0.192543 -8381.92 5642.37 -368.79 -10535.2 2870.4 13.3352 2925.21 -13709.1 1.19068 6238.48 -16047.3 -3667.06 
1.95249 2.31798 0.203119 -8893.52 5275.83 -387.553 -10647.2 2436.13 12.1437 1752.41 -13908.8 1.35807 3284.72 -16929.7 -3867.15 
2.16451 2.39499 0.208186 -9406.88 4873.53 -406.198 -10741.3 1997.37 10.9303 566.582 -14007.3 1.49292 193.537 -17300.3 -3950.3 
2.37739 2.44671 0.207482 -9921.2 4432.09 -424.676 -10817.3 1554.85 9.6973 -623.283 -14003.7 1.5926 -2942.31 -17134.9 -3911.04 
2.58616 2.47291 0.200919 -10435.3 3947.58 -442.919 -10875 1109.33 8.44683 -1808.17 -13898.1 1.66154 -6023.93 -16425.3 -3747.54 
2.78569 2.47428 0.188599 -10947.7 3415.57 -460.839 -10914.5 661.534 7.18105 -2979.14 -13691.4 1.70834 -8949.33 -15181.3 -3462.11 
2.97086 2.45247 0.170833 -11456.2 2830.93 -478.322 -10935.4 212.239 5.90212 -4127.39 -13385.3 1.74092 -11617.2 -13432.3 -3061.49 
3.13676 2.41012 0.148141 -11957.9 2187.84 -495.22 -10937.8 -237.796 4.61219 -5244.33 -12982.2 1.76413 -13931.3 -11227.2 -2556.92 
3.27888 2.35085 0.121246 -12448.9 1479.65 -511.343 -10921.7 -687.802 3.31339 -6321.66 -12485.4 1.78004 -15805.2 -8634.23 -1964.01 
3.39332 2.27914 0.0910563 -12924 698.781 -526.442 -10886.9 -1137.01 2.0079 -7351.46 -11898.9 1.78899 -17166.7 -5738.93 -1302.32 
3.477 2.20023 0.0586227 -13376.5 -163.297 -540.194 -10833.7 -1584.65 0.697863 -8326.2 -11227.4 1.79049 -17962.2 -2640.76 -594.596 
3.52772 2.11987 0.025096 -13797.2 -1116.14 -552.181 -10761.9 -2029.94 -0.614547 -9238.85 -10476.2 1.78376 -18160.1 551.067 134.223 
3.54428 2.04411 -0.00833228 -14174 -2170.24 -561.857 -10671.8 -2472.13 -1.92716 -10082.9 -9651.14 1.76802 -17752.6 3722.82 858.163 
3.52641 1.97899 -0.0404917 -14490.9 -3336.8 -568.517 -10563.4 -2910.43 -3.23782 -10852.5 -8758.69 1.74258 -16756.3 6761.83 1551.5 
3.47465 1.93026 -0.0702944 -14726.7 -4627.23 -571.243 -10436.9 -3344.1 -4.54433 -11542.3 -7805.72 1.70694 -15211 9561.91 2190.03 
3.39017 1.90312 -0.0967908 -14853.4 -6052.08 -568.852 -10292.5 -3772.37 -5.8445 -12147.8 -6799.48 1.66075 -13177.2 12028.3 2752.13 
3.27447 1.90189 -0.119215 -14834.9 -7619.23 -559.837 -10130.4 -4194.5 -7.13613 -12664.9 -5747.59 1.60386 -10732.5 14081.7 3219.73 
3.1291 1.92971 -0.137017 -14624.6 -9330.73 -542.309 -9950.93 -4609.74 -8.41695 -13090.5 -4657.88 1.53628 -7967.21 15660.6 3578.83 
2.95535 1.98821 -0.149878 -14164.8 -11177.8 -513.976 -9754.3 -5017.36 -9.68466 -13422.1 -3538.42 1.45817 -4979.5 16723.1 3819.92 
2.7541 2.07706 -0.15771 -13387 -13133.7 -472.212 -9540.86 -5416.66 -10.9369 -13657.7 -2397.35 1.36984 -1870.96 17246.9 3937.95 
2.52586 2.19346 -0.160635 -12216.7 -15143.6 -414.289 -9310.97 -5806.92 -12.1711 -13796.5 -1242.91 1.27175 1257.53 17228.5 3932.18 
2.27127 2.33166 -0.158932 -10585 -17115.2 -337.887 -9064.99 -6187.45 -13.3847 -13838 -83.3017 1.16444 4309.35 16681.9 3805.76 
1.99221 2.48271 -0.152972 -8450.02 -18912.9 -241.605 -8803.34 -6557.58 -14.5752 -13782.4 1073.31 1.04857 7195.01 15636.9 3564.87 
1.69333 2.635 -0.143124 -5824.68 -20363.2 -123.905 -8526.46 -6916.65 -15.7399 -13630.9 2218.91 0.924884 9832.42 14133.5 3215.5 
1.38352 2.77607 -0.129681 -2806.12 -21287.8 3.30097 -8234.81 -7264.02 -16.8766 -13385 3345.63 0.79414 12151.8 12224 2778.21 
1.07613 2.89553 -0.112837 421.649 -21553.3 134.946 -7928.88 -7599.07 -17.9838 -13046.9 4445.87 0.657082 14094 9971.36 2263.29 
0.787049 2.98789 -0.0927614 3620.92 -21116.7 261.55 -7609.2 -7921.19 -19.0603 -12619.6 5512.26 0.514281 15610.9 7442.74 1685.74 
0.531245 3.05369 -0.0697238 6561.18 -20044.7 374.219 -7276.33 -8229.82 -20.105 -12106.4 6537.79 0.365757 16665.9 4710.44 1062.08 
0.319446 3.098 -0.0442052 9076.82 -18487.1 467.109 -6930.83 -8524.41 -21.1165 -11511.3 7515.8 0.209952 17234.2 1850.15 409.561 
0.156778 3.12758 -0.0169216 11091.4 -16624.9 538.137 -6573.31 -8804.43 -22.093 -10838.5 8440.03 0.0430745 17302.5 -1060.46 -254.09 
0.0433983 3.1483 0.0112286 12606.6 -14624.2 588.281 -6204.37 -9069.39 -23.0326 -10092.7 9304.38 -0.128497 16869.1 -3942.88 -910.977 
-0.0238665 3.16376 0.0392507 13673.5 -12611.3 620.28 -5824.67 -9318.82 -23.9334 -9279.53 10103.1 -0.287047 15943.8 -6718.97 -1543.29 
-0.0499321 3.17521 0.0661313 14364.2 -10669.8 637.5 -5434.86 -9552.27 -24.7936 -8404.78 10831.3 -0.435064 14548 -9312.11 -2133.57 
-0.0403772 3.18193 0.0908946 14753 -8846.9 643.197 -5035.62 -9769.32 -25.6115 -7474.37 11484.6 -0.57713 12714.7 -11648.5 -2665.03 
-0.000887673 3.18198 0.112636 14906.5 -7164.5 640.176 -4627.65 -9969.59 -26.3855 -6494.56 12058.9 -0.713971 10489 -13658.7 -3121.85 
0.0629455 3.17274 0.130549 14880 -5628.08 630.701 -4211.66 -10152.7 -27.1143 -5471.87 12550.7 -0.845071 7927.21 -15279.3 -3489.6 
0.145644 3.15142 0.143938 14717.8 -4233.67 616.53 -3788.38 -10318.4 -27.7964 -4413.1 12956.8 -0.969619 5097.3 -16454.8 -3755.68 
0.241796 3.11542 0.152244 14454 -2972.35 598.996 -3358.55 -10466.3 -28.4306 -3325.22 13274.9 -1.08677 2077.77 -17139.8 -3909.81 
0.346008 3.0626 0.15506 14115.1 -1833.06 579.096 -2922.92 -10596.2 -29.0157 -2215.39 13503 -1.19572 -1043.39 -17301.4 -3944.53 
0.452891 2.99145 0.152151 13720.7 -804.206 557.566 -2482.27 -10707.9 -29.5507 -1090.87 13639.5 -1.29572 -4170.65 -16921.5 -3855.78 
0.557105 2.9013 0.143478 13286 125.411 534.95 -2037.34 -10801.1 -30.0348 40.9834 13683.7 -1.38615 -7203.43 -15998.9 -3643.36 
0.653441 2.79237 0.129207 12822.3 966.19 511.643 -1588.94 -10875.7 -30.4669 1172.77 13635.2 -1.4665 -10039.5 -14551.1 -3311.3 
0.736965 2.66585 0.109724 12338 1727.53 487.933 -1137.85 -10931.5 -30.8465 2297.14 13494.2 -1.53643 -12579.1 -12615.2 -2868.14 
0.803184 2.52392 0.0856304 11839.6 2417.77 464.036 -684.889 -10968.5 -31.1729 3406.75 13261.6 -1.59571 -14729.1 -10248 -2326.89 
0.848243 2.36966 0.0577276 11331.8 3044.29 440.114 -230.858 -10986.6 -31.4455 4494.35 12938.6 -1.64411 -16408.4 -7524.7 -1704.8 
0.869113 2.20696 0.0269941 10818.3 3613.57 416.283 223.443 -10985.8 -31.6641 5552.74 12527.4 -1.68143 -17551.7 -4536.9 -1022.79 
0.863756 2.04033 -0.00545802 10301.8 4131.32 392.619 677.222 -10966.2 -31.8283 6574.87 12030.3 -1.70752 -18113.9 -1388.49 -304.584 
0.831243 1.87466 -0.038433 9784.27 4602.52 369.173 1129.69 -10927.6 -31.9381 7553.87 11450.4 -1.72232 -18072.6 1808.91 424.371 
0.771807 1.71499 -0.0707099 9267.12 5031.51 345.976 1580.05 -10870.3 -31.9935 8483.09 10791.2 -1.72586 -17429.8 4941.36 1138.1 
0.686834 1.56622 -0.101103 8751.41 5422.09 323.048 2027.54 -10794.4 -31.9945 9356.14 10056.9 -1.71821 -16211.3 7898.18 1811.39 
0.578773 1.43286 -0.128518 8237.88 5777.58 300.402 2471.36 -10700 -31.9413 10166.9 9251.97 -1.69947 -14465.5 10577.2 2420.98 
0.450986 1.31883 -0.152002 7727.02 6100.87 278.039 2910.75 -10587.2 -31.8339 10909.8 8381.54 -1.66979 -12260.2 12889.4 2946.63 
0.307562 1.22728 -0.170778 7219.14 6394.5 255.959 3344.94 -10456.3 -31.6723 11579.3 7451.15 -1.62933 -9678.31 14762.2 3371.84 
0.153094 1.16048 -0.184272 6714.41 6660.7 234.156 3773.19 -10307.6 -31.4563 12170.6 6466.8 -1.57825 -6813.81 16141.8 3684.4 
-0.00754254 1.11979 -0.192118 6212.88 6901.4 212.622 4194.75 -10141.2 -31.1857 12679.1 5434.91 -1.51669 -3766.66 16993.9 3876.58 
-0.1694 1.10566 -0.19416 5714.52 7118.3 191.346 4608.88 -9957.58 -30.8608 13101 4362.29 -1.44477 -638.624 17303.8 3945.08 
-0.327642 1.1177 -0.19044 5219.25 7312.88 170.315 5014.88 -9757.01 -30.4826 13432.8 3256.1 -1.36257 2470.73 17074.9 3890.76 
-0.477699 1.15471 -0.181172 4726.91 7486.45 149.519 5412.04 -9539.88 -30.0522 13671.7 2123.82 -1.27011 5467.16 16327.3 3718.26 
-0.615379 1.21487 -0.166729 4237.33 7640.13 128.942 5799.7 -9306.57 -29.5707 13815.4 973.2 -1.16734 8264.21 15095.4 3435.46 
-0.736958 1.29575 -0.14761 3750.29 7774.88 108.571 6177.19 -9057.51 -29.0393 13862.3 -187.786 -1.05411 10784.9 13425.4 3052.99 
-0.839225 1.3945 -0.124419 3265.55 7891.55 88.3915 6543.89 -8793.16 -28.4589 13811.6 -1350.99 -0.930119 12963 11373.7 2583.71 
-0.91952 1.5079 -0.0978422 2782.85 7990.84 68.3898 6899.16 -8513.99 -27.8307 13662.9 -2508.16 -0.794935 14743.3 9004.13 2042.22 
-0.975743 1.63246 -0.0686291 2301.92 8073.35 48.5516 7242.41 -8220.5 -27.1558 13416.8 -3650.97 -0.647928 16082.4 6386.33 1444.45 
-1.00636 1.7645 -0.0375728 1822.5 8139.57 28.863 7573.08 -7913.21 -26.4353 13074.4 -4771.11 -0.48828 16948.3 3594.25 807.268 
-1.01042 1.90023 -0.00549604 1344.27 8189.89 9.31044 7890.6 -7592.69 -25.6705 12637.7 -5860.36 -0.315048 17320.9 704.559 148.167 
