   0          3         4
   0.1          2.97655         3.99346
   0.2          2.9303         3.98025
   0.3          2.86251         3.96015
   0.4          2.77501         3.93284
   0.5          2.67016         3.89789
   0.6          2.55072         3.85483
   0.7          2.41979         3.80313
   0.8          2.28067         3.74224
   0.9          2.13675         3.67162
   1          1.9914         3.59077
   1.1          1.84785         3.49924
   1.2          1.70905         3.39668
   1.3          1.57758         3.28284
   1.4          1.45559         3.15758
   1.5          1.34467         3.02094
   1.6          1.24584         2.8731
   1.7          1.15953         2.71439
   1.8          1.08552         2.5453
   1.9          1.02301         2.3665
   2          0.970632         2.17879
   2.1          0.926504         1.9831
   2.2          0.888335         1.78047
   2.3          0.853502         1.57205
   2.4          0.81916         1.35901
   2.5          0.782361         1.14261
   2.6          0.740174         0.924069
   2.7          0.6898         0.70461
   2.8          0.628696         0.485398
   2.9          0.554671         0.267523
   3          0.465987         0.0519756
   3.1          0.361428         -0.160369
   3.2          0.240362         -0.368767
   3.3          0.102771         -0.572617
   3.4          -0.0507312         -0.771463
   3.5          -0.218915         -0.964991
   3.6          -0.399969         -1.15303
   3.7          -0.591552         -1.33552
   3.8          -0.790873         -1.51254
   3.9          -0.994784         -1.68424
   4          -1.19988         -1.85083
   4.1          -1.40263         -2.01259
   4.2          -1.59947         -2.16979
   4.3          -1.78697         -2.32271
   4.4          -1.96189         -2.47159
   4.5          -2.12135         -2.61661
   4.6          -2.26289         -2.75787
   4.7          -2.38458         -2.89536
   4.8          -2.48505         -3.02899
   4.9          -2.56357         -3.15851
   5          -2.62005         -3.28359
   5.1          -2.65501         -3.40374
   5.2          -2.66961         -3.51838
   5.3          -2.66557         -3.62682
   5.4          -2.6451         -3.72829
   5.5          -2.61079         -3.82194
   5.6          -2.56558         -3.90689
   5.7          -2.51256         -3.98225
   5.8          -2.45492         -4.04713
   5.9          -2.39578         -4.10068
   6          -2.33812         -4.14213
   6.1          -2.2846         -4.17079
   6.2          -2.23755         -4.18611
   6.3          -2.19878         -4.18764
   6.4          -2.1696         -4.17511
   6.5          -2.15074         -4.14841
   6.6          -2.14228         -4.10759
   6.7          -2.14374         -4.05287
   6.8          -2.15402         -3.98464
   6.9          -2.17148         -3.90344
   7          -2.19398         -3.80995
   7.1          -2.21901         -3.70498
   7.2          -2.24374         -3.58941
   7.3          -2.26515         -3.46422
   7.4          -2.28013         -3.33041
   7.5          -2.28565         -3.18901
   7.6          -2.27881         -3.04104
   7.7          -2.25701         -2.88746
   7.8          -2.21802         -2.72919
   7.9          -2.16011         -2.56705
   8          -2.08206         -2.40175
   8.1          -1.98327         -2.2339
   8.2          -1.86378         -2.06397
   8.3          -1.72424         -1.89231
   8.4          -1.56596         -1.71915
   8.5          -1.39081         -1.54458
   8.6          -1.20119         -1.3686
   8.7          -0.999954         -1.19112
   8.8          -0.790307         -1.01197
   8.9          -0.575694         -0.83095
   9          -0.35969         -0.647818
   9.1          -0.145875         -0.46235
   9.2          0.06229         -0.274352
   9.3          0.261574         -0.0836846
   9.4          0.449091         0.109712
   9.5          0.622392         0.305797
   9.6          0.779544         0.504413
   9.7          0.919194         0.705275
   9.8          1.04061         0.90796
   9.9          1.14367         1.11191
   10          1.22892         1.31642
   10.1          1.29746         1.52069
   10.2          1.35096         1.72376
   10.3          1.39154         1.92461
   10.4          1.42171         2.12213
   10.5          1.44427         2.31518
   10.6          1.46216         2.50257
   10.7          1.47838         2.68313
   10.8          1.49586         2.85574
   10.9          1.51732         3.01933
   11          1.54518         3.1729
   11.1          1.58148         3.31561
   11.2          1.62775         3.44671
   11.3          1.68497         3.56562
   11.4          1.75356         3.67191
   11.5          1.83328         3.76533
   11.6          1.92332         3.84578
   11.7          2.02226         3.91332
   11.8          2.12815         3.96818
   11.9          2.23857         4.0107
   12          2.35071         4.04135
   12.1          2.46148         4.0607
   12.2          2.56761         4.06937
   12.3          2.66581         4.06803
   12.4          2.75281         4.05738
   12.5          2.82556         4.03809
   12.6          2.88131         4.01078
   12.7          2.91772         3.97604
   12.8          2.93291         3.93435
   12.9          2.9256         3.8861
   13          2.8951         3.83158
   13.1          2.84138         3.77096
   13.2          2.76502         3.70428
   13.3          2.66727         3.63147
   13.4          2.54993         3.55236
   13.5          2.41533         3.46669
   13.6          2.26626         3.37412
   13.7          2.10583         3.27426
   13.8          1.93738         3.1667
   13.9          1.76438         3.05101
   14          1.5903         2.9268
   14.1          1.41847         2.79372
   14.2          1.25196         2.65152
   14.3          1.09353         2.50001
   14.4          0.945466         2.33916
   14.5          0.80955         2.16904
   14.6          0.686983         1.98991
   14.7          0.578359         1.80214
   14.8          0.483647         1.60628
   14.9          0.402206         1.40304
   15          0.33282         1.19324
   15.1          0.273752         0.977861
   15.2          0.222819         0.757976
   15.3          0.177485         0.534751
   15.4          0.134967         0.309411
   15.5          0.092351         0.0832182
   15.6          0.0467073         -0.142563
   15.7          -0.00478553         -0.366691
   15.8          -0.0647255         -0.587975
   15.9          -0.13538         -0.805304
   16          -0.218588         -1.01767
   16.1          -0.315683         -1.22417
   16.2          -0.427431         -1.42406
   16.3          -0.553993         -1.61673
   16.4          -0.694902         -1.80173
   16.5          -0.849077         -1.97875
   16.6          -1.01485         -2.14763
   16.7          -1.19001         -2.30836
   16.8          -1.3719         -2.46102
   16.9          -1.55747         -2.60583
   17          -1.7434         -2.74307
   17.1          -1.92623         -2.87306
   17.2          -2.10244         -2.99618
   17.3          -2.26862         -3.11278
   17.4          -2.42154         -3.22322
   17.5          -2.5583         -3.32779
   17.6          -2.67643         -3.4267
   17.7          -2.77393         -3.52009
   17.8          -2.84941         -3.60798
   17.9          -2.90205         -3.6903
   18          -2.93172         -3.76684
   18.1          -2.93891         -3.83727
   18.2          -2.92472         -3.90116
   18.3          -2.89084         -3.95796
   18.4          -2.83947         -4.00707
   18.5          -2.77324         -4.04777
   18.6          -2.69509         -4.07934
   18.7          -2.60818         -4.10102
   18.8          -2.51579         -4.11206
   18.9          -2.42115         -4.11174
   19          -2.32736         -4.09943
   19.1          -2.23726         -4.07454
   19.2          -2.15333         -4.03665
   19.3          -2.07759         -3.98542
   19.4          -2.01154         -3.92069
   19.5          -1.95612         -3.84245
   19.6          -1.91165         -3.75086
   19.7          -1.87783         -3.64624
   19.8          -1.85376         -3.52908
   19.9          -1.83801         -3.40002
   20          -1.82861         -3.25984
   20.1          -1.82319         -3.10945
   20.2          -1.81906         -2.94985
   20.3          -1.8133         -2.7821
   20.4          -1.80288         -2.60732
   20.5          -1.78482         -2.42665
   20.6          -1.75623         -2.2412
   20.7          -1.71453         -2.05207
   20.8          -1.65745         -1.86025
   20.9          -1.58319         -1.66669
   21          -1.4905         -1.47221
   21.1          -1.37869         -1.2775
   21.2          -1.24771         -1.08314
   21.3          -1.09812         -0.889572
   21.4          -0.931134         -0.697088
   21.5          -0.748544         -0.505869
   21.6          -0.55268         -0.315975
   21.7          -0.34633         -0.127363
   21.8          -0.132653         0.0600882
   21.9          0.0849313         0.246559
   22          0.302855         0.432265
   22.1          0.517525         0.617427
   22.2          0.725444         0.80225
   22.3          0.923332         0.986892
   22.4          1.10823         1.17144
   22.5          1.27761         1.35591
   22.6          1.42944         1.54018
   22.7          1.56227         1.72404
   22.8          1.67526         1.90714
   22.9          1.76821         2.08898
   23          1.84155         2.26896
   23.1          1.89632         2.44635
   23.2          1.93411         2.62029
   23.3          1.95701         2.78984
   23.4          1.96751         2.95401
   23.5          1.96841         3.11173
   23.6          1.9627         3.26191
   23.7          1.95343         3.40348
   23.8          1.94361         3.53541
   23.9          1.9361         3.65671
   24          1.93345         3.7665
   24.1          1.93786         3.864
   24.2          1.95104         3.94857
   24.3          1.97418         4.01972
   24.4          2.00788         4.07712
   24.5          2.05213         4.1206
   24.6          2.10632         4.15018
   24.7          2.16923         4.16601
   24.8          2.2391         4.16842
   24.9          2.31369         4.15788
   25          2.39036         4.13498
   25.1          2.46614         4.1004
   25.2          2.5379         4.0549
   25.3          2.60242         3.9993
   25.4          2.6565         3.93441
   25.5          2.69715         3.86106
   25.6          2.72161         3.78004
   25.7          2.72756         3.69207
   25.8          2.71309         3.59779
   25.9          2.67689         3.49777
   26          2.61824         3.39244
   26.1          2.53703         3.28212
   26.2          2.43382         3.16701
   26.3          2.3098         3.0472
   26.4          2.16673         2.92265
   26.5          2.00694         2.79324
   26.6          1.83317         2.65876
   26.7          1.64856         2.51894
   26.8          1.45648         2.37346
   26.9          1.26046         2.22201
   27          1.06401         2.06429
   27.1          0.870565         1.90001
   27.2          0.683325         1.72899
   27.3          0.505158         1.5511
   27.4          0.338502         1.36636
   27.5          0.185287         1.17488
   27.6          0.0468759         0.976924
   27.7          -0.0759804         0.772907
   27.8          -0.183156         0.563386
   27.9          -0.275143         0.349068
   28          -0.353025         0.130796
   28.1          -0.418424         -0.0904635
   28.2          -0.473426         -0.313635
   28.3          -0.520496         -0.537558
   28.4          -0.562373         -0.761016
   28.5          -0.601959         -0.982755
   28.6          -0.642196         -1.20152
   28.7          -0.685948         -1.41608
   28.8          -0.735884         -1.62526
   28.9          -0.794369         -1.82796
   29          -0.86336         -2.02318
   29.1          -0.94433         -2.21006
   29.2          -1.0382         -2.38787
   29.3          -1.14529         -2.55602
   29.4          -1.2653         -2.7141
   29.5          -1.39733         -2.86184
   29.6          -1.53987         -2.99914
   29.7          -1.69087         -3.12603
   29.8          -1.84782         -3.24268
   29.9          -2.00779         -3.34936
   30          -2.16758         -3.44644
   30.1          -2.32381         -3.53436
   30.2          -2.47304         -3.61359
   30.3          -2.61189         -3.68461
   30.4          -2.73717         -3.74788
   30.5          -2.84597         -3.80383
   30.6          -2.93581         -3.85283
   30.7          -3.00468         -3.89517
   30.8          -3.05112         -3.93101
   30.9          -3.0743         -3.96044
   31          -3.07402         -3.98341
   31.1          -3.05074         -3.99977
   31.2          -3.00552         -4.00923
   31.3          -2.94003         -4.01142
   31.4          -2.85646         -4.00589
   31.5          -2.75744         -3.99207
   31.6          -2.64596         -3.9694
   31.7          -2.52524         -3.93726
   31.8          -2.39861         -3.89503
   31.9          -2.26943         -3.84214
   32          -2.14092         -3.77806
   32.1          -2.01606         -3.70234
   32.2          -1.8975         -3.61465
   32.3          -1.78746         -3.51477
   32.4          -1.68762         -3.40264
   32.5          -1.59911         -3.27833
   32.6          -1.52247         -3.1421
   32.7          -1.4576         -2.99436
   32.8          -1.4038         -2.83567
   32.9          -1.35979         -2.66676
   33          -1.3238         -2.4885
   33.1          -1.29359         -2.30186
   33.2          -1.26658         -2.10791
   33.3          -1.23995         -1.90782
   33.4          -1.21075         -1.70278
   33.5          -1.17601         -1.49399
   33.6          -1.13287         -1.28267
   33.7          -1.07872         -1.06996
   33.8          -1.01126         -0.856963
   33.9          -0.92862         -0.644683
   34          -0.829458         -0.43401
   34.1          -0.712994         -0.225715
   34.2          -0.579063         -0.0204307
   34.3          -0.42813         0.181352
   34.4          -0.261283         0.379281
   34.5          -0.0802079         0.573144
   34.6          0.112866         0.762851
   34.7          0.315238         0.948426
   34.8          0.523822         1.12998
   34.9          0.735251         1.30771
   35          0.945994         1.48185
   35.1          1.15247         1.65263
   35.2          1.35118         1.82032
   35.3          1.53881         1.98512
   35.4          1.71236         2.14719
   35.5          1.86925         2.30662
   35.6          2.00737         2.46338
   35.7          2.12521         2.61734
   35.8          2.22183         2.76826
   35.9          2.29696         2.91576
   36          2.35096         3.05935
   36.1          2.3848         3.1984
   36.2          2.40003         3.33219
   36.3          2.39871         3.4599
   36.4          2.38332         3.58065
   36.5          2.35669         3.69349
   36.6          2.32184         3.79746
   36.7          2.28189         3.89161
   36.8          2.23998         3.97501
   36.9          2.19905         4.0468
   37          2.16183         4.10621
   37.1          2.13067         4.15255
   37.2          2.10748         4.18531
   37.3          2.09365         4.20409
   37.4          2.08999         4.20867
   37.5          2.09671         4.19899
   37.6          2.1134         4.17518
   37.7          2.13905         4.13749
   37.8          2.17212         4.08638
   37.9          2.21053         4.02242
   38          2.25181         3.94632
   38.1          2.29314         3.85888
   38.2          2.33149         3.76101
   38.3          2.36375         3.65362
   38.4          2.38679         3.53769
   38.5          2.39765         3.41418
   38.6          2.3936         3.28401
   38.7          2.3723         3.14805
   38.8          2.33183         3.00709
   38.9          2.27083         2.86182
   39          2.18852         2.71283
   39.1          2.08475         2.56057
   39.2          1.96002         2.40538
   39.3          1.81543         2.24747
   39.4          1.65271         2.08693
   39.5          1.47413         1.92374
   39.6          1.28243         1.75781
   39.7          1.0807         1.58895
   39.8          0.872337         1.41693
   39.9          0.660883         1.2415
   40          0.449914         1.06243
   40.1          0.242921         0.879474
   40.2          0.0431927         0.692483
   40.3          -0.1463         0.501364
   40.4          -0.322999         0.30613
   40.5          -0.484845         0.106907
   40.6          -0.630343         -0.0960457
   40.7          -0.758603         -0.302333
   40.8          -0.869366         -0.511418
   40.9          -0.962998         -0.722621
   41          -1.04047         -0.935132
   41.1          -1.10331         -1.14802
   41.2          -1.15352         -1.36025
   41.3          -1.19351         -1.57071
   41.4          -1.22601         -1.77822
   41.5          -1.25392         -1.98157
   41.6          -1.2802         -2.17956
   41.7          -1.30778         -2.371
   41.8          -1.33943         -2.55476
   41.9          -1.37761         -2.72979
   42          -1.42443         -2.89516
   42.1          -1.4815         -3.05003
   42.2          -1.54993         -3.19375
   42.3          -1.63021         -3.32578
   42.4          -1.72224         -3.44578
   42.5          -1.8253         -3.55354
   42.6          -1.93806         -3.64905
   42.7          -2.05867         -3.7324
   42.8          -2.18475         -3.80388
   42.9          -2.31355         -3.86384
   43          -2.44198         -3.91276
   43.1          -2.56677         -3.9512
   43.2          -2.68457         -3.97974
   43.3          -2.79205         -3.99901
   43.4          -2.88607         -4.00961
   43.5          -2.96375         -4.01211
   43.6          -3.02257         -4.00704
   43.7          -3.06053         -3.99483
   43.8          -3.07614         -3.97583
   43.9          -3.06853         -3.95029
   44          -3.03745         -3.91831
   44.1          -2.98332         -3.87991
   44.2          -2.90717         -3.83499
   44.3          -2.81064         -3.78332
   44.4          -2.69592         -3.72459
   44.5          -2.56563         -3.65842
   44.6          -2.42278         -3.58438
   44.7          -2.27065         -3.50197
   44.8          -2.11263         -3.41073
   44.9          -1.95218         -3.31019
   45          -1.79262         -3.19994
   45.1          -1.63707         -3.07964
   45.2          -1.48835         -2.94905
   45.3          -1.34881         -2.80803
   45.4          -1.22036         -2.65661
   45.5          -1.10429         -2.49494
   45.6          -1.00132         -2.32334
   45.7          -0.911546         -2.14227
   45.8          -0.83445         -1.95237
   45.9          -0.768927         -1.75441
   46          -0.713337         -1.54931
   46.1          -0.665582         -1.3381
   46.2          -0.623188         -1.1219
   46.3          -0.58341         -0.901921
   46.4          -0.543345         -0.679394
   46.5          -0.500051         -0.45558
   46.6          -0.450667         -0.231724
   46.7          -0.39253         -0.00902798
   46.8          -0.323289         0.211373
   46.9          -0.240998         0.428436
   47          -0.144203         0.641234
   47.1          -0.0320089         0.848966
   47.2          0.0958795         1.05097
   47.3          0.239133         1.24675
   47.4          0.396798         1.43592
   47.5          0.567324         1.61828
   47.6          0.748608         1.79374
   47.7          0.938062         1.96235
   47.8          1.1327         2.12425
   47.9          1.32924         2.27966
   48          1.5242         2.42886
   48.1          1.71405         2.57218
   48.2          1.89531         2.70993
   48.3          2.06466         2.84241
   48.4          2.2191         2.96988
   48.5          2.35598         3.09253
   48.6          2.47318         3.21044
   48.7          2.5691         3.32363
   48.8          2.64277         3.43196
   48.9          2.69383         3.53519
   49          2.7226         3.63298
   49.1          2.73         3.72484
   49.2          2.71753         3.81019
   49.3          2.68725         3.88835
   49.4          2.64164         3.95859
   49.5          2.58354         4.02009
   49.6          2.51603         4.07204
   49.7          2.44231         4.11362
   49.8          2.3656         4.14402
   49.9          2.289         4.1625
   50          2.21537         4.16843
   50.1          2.14724         4.16123
   50.2          2.0867         4.1405
   50.3          2.03534         4.10597
   50.4          1.99418         4.0575
   50.5          1.96366         3.99517
   50.6          1.94356         3.91917
   50.7          1.93311         3.82991
   50.8          1.93094         3.72791
   50.9          1.93517         3.61388
   51          1.94347         3.48863
   51.1          1.95318         3.35307
   51.2          1.9614         3.20821
   51.3          1.96507         3.05511
   51.4          1.96115         2.89483
   51.5          1.94671         2.72847
   51.6          1.91904         2.55707
   51.7          1.87576         2.38163
   51.8          1.81494         2.20304
   51.9          1.73516         2.02212
   52          1.63558         1.83958
   52.1          1.51596         1.65598
   52.2          1.37672         1.47176
   52.3          1.2189         1.28724
   52.4          1.04414         1.10259
   52.5          0.854646         0.917888
   52.6          0.653097         0.7331
   52.7          0.442564         0.548109
   52.8          0.226413         0.362739
   52.9          0.0081855         0.176779
   53          -0.208521         -0.00999512
   53.1          -0.420174         -0.197789
   53.2          -0.623426         -0.386767
   53.3          -0.815226         -0.577028
   53.4          -0.992927         -0.768582
   53.5          -1.15436         -0.961333
   53.6          -1.29793         -1.15507
   53.7          -1.42263         -1.34944
   53.8          -1.52808         -1.54396
   53.9          -1.61456         -1.73803
   54          -1.68293         -1.9309
   54.1          -1.73465         -2.12171
   54.2          -1.77166         -2.3095
   54.3          -1.79635         -2.49323
   54.4          -1.81143         -2.67182
   54.5          -1.8198         -2.84412
   54.6          -1.82449         -3.00901
   54.7          -1.8285         -3.16539
   54.8          -1.8347         -3.3122
   54.9          -1.84568         -3.44848
   55          -1.86369         -3.57336
   55.1          -1.89053         -3.68611
   55.2          -1.92748         -3.78613
   55.3          -1.97523         -3.87298
   55.4          -2.03389         -3.94641
   55.5          -2.10293         -4.0063
   55.6          -2.18123         -4.05272
   55.7          -2.26713         -4.0859
   55.8          -2.35842         -4.10618
   55.9          -2.45252         -4.11407
   56          -2.54648         -4.11016
   56.1          -2.63715         -4.09511
   56.2          -2.72127         -4.06967
   56.3          -2.7956         -4.03458
   56.4          -2.85702         -3.9906
   56.5          -2.90269         -3.93846
   56.6          -2.9301         -3.87883
   56.7          -2.93722         -3.81231
   56.8          -2.92255         -3.73941
   56.9          -2.88517         -3.66053
   57          -2.82479         -3.57596
   57.1          -2.74179         -3.48586
   57.2          -2.63715         -3.39028
   57.3          -2.51248         -3.28916
   57.4          -2.36994         -3.18233
   57.5          -2.21215         -3.06956
   57.6          -2.04213         -2.95053
   57.7          -1.86317         -2.82489
   57.8          -1.67875         -2.69227
   57.9          -1.49237         -2.55231
   58          -1.30747         -2.40469
   58.1          -1.12728         -2.24917
   58.2          -0.954742         -2.08556
   58.3          -0.792377         -1.91381
   58.4          -0.642226         -1.73397
   58.5          -0.505773         -1.54627
   58.6          -0.3839         -1.35104
   58.7          -0.276871         -1.14879
   58.8          -0.184326         -0.940188
   58.9          -0.105309         -0.726024
   59          -0.0383168         -0.507232
   59.1          0.0186401         -0.284858
   59.2          0.0679469         -0.0600437
   59.3          0.112286         0.166002
   59.4          0.154528         0.392026
   59.5          0.197609         0.616762
   59.6          0.244416         0.838956
   59.7          0.297663         1.0574
   59.8          0.359782         1.27096
   59.9          0.432821         1.47858
   60          0.518355         1.67935
   60.1          0.617421         1.87245
   60.2          0.730463         2.05726
   60.3          0.857309         2.23327
   60.4          0.997168         2.40014
   60.5          1.14864         2.55769
   60.6          1.30979         2.70587
   60.7          1.47814         2.84478
   60.8          1.65085         2.97461
   60.9          1.82474         3.09567
   61          1.99641         3.20832
   61.1          2.1624         3.31296
   61.2          2.31926         3.41002
   61.3          2.4637         3.4999
   61.4          2.59272         3.583
   61.5          2.70367         3.65961
   61.6          2.79437         3.72998
   61.7          2.86321         3.79426
   61.8          2.90914         3.85246
   61.9          2.93179         3.90451
   62          2.9314         3.9502
   62.1          2.90885         3.98922
   62.2          2.86564         4.02114
   62.3          2.8038         4.04544
   62.4          2.7258         4.06153
   62.5          2.63453         4.06876
   62.6          2.5331         4.06645
   62.7          2.4248         4.05392
   62.8          2.31295         4.03051
   62.9          2.20075         3.99561
   63          2.09123         3.94868
   63.1          1.98707         3.8893
   63.2          1.89055         3.81715
   63.3          1.80347         3.73207
   63.4          1.72704         3.63405
   63.5          1.66189         3.52322
   63.6          1.60805         3.39991
   63.7          1.56492         3.2646
   63.8          1.53133         3.11792
   63.9          1.50557         2.96066
   64          1.48548         2.79371
   64.1          1.46853         2.61809
   64.2          1.45191         2.43489
   64.3          1.43266         2.24527
   64.4          1.40779         2.05039
   64.5          1.37439         1.85143
   64.6          1.32975         1.64954
   64.7          1.27146         1.44578
   64.8          1.19755         1.24118
   64.9          1.10653         1.03662
   65          0.997456         0.832893
   65.1          0.870022         0.630649
   65.2          0.724534         0.430404
   65.3          0.561932         0.232535
   65.4          0.383763         0.0372864
   65.5          0.192134         -0.155225
   65.6          -0.0103535         -0.344994
   65.7          -0.220691         -0.532106
   65.8          -0.435561         -0.716723
   65.9          -0.651449         -0.899053
   66          -0.864765         -1.07933
   66.1          -1.07196         -1.25777
   66.2          -1.26966         -1.43459
   66.3          -1.45476         -1.60992
   66.4          -1.62455         -1.78383
   66.5          -1.77678         -1.9563
   66.6          -1.90977         -2.12718
   66.7          -2.02241         -2.29621
   66.8          -2.11426         -2.46301
   66.9          -2.18549         -2.62705
   67          -2.2369         -2.7877
   67.1          -2.26987         -2.9442
   67.2          -2.28633         -3.09571
   67.3          -2.28862         -3.24129
   67.4          -2.27947         -3.37995
   67.5          -2.26181         -3.51067
   67.6          -2.23873         -3.63244
   67.7          -2.21331         -3.74426
   67.8          -2.18853         -3.84516
   67.9          -2.16712         -3.9343
   68          -2.1515         -4.01091
   68.1          -2.14365         -4.07435
   68.2          -2.14502         -4.12414
   68.3          -2.15653         -4.15993
   68.4          -2.17849         -4.18156
   68.5          -2.21059         -4.18903
   68.6          -2.25192         -4.18252
   68.7          -2.301         -4.16235
   68.8          -2.35584         -4.129
   68.9          -2.41399         -4.08307
   69          -2.47269         -4.02529
   69.1          -2.52889         -3.95646
   69.2          -2.57943         -3.87744
   69.3          -2.62116         -3.78912
   69.4          -2.65101         -3.6924
   69.5          -2.66615         -3.58815
   69.6          -2.66409         -3.4772
   69.7          -2.64279         -3.3603
   69.8          -2.60069         -3.2381
   69.9          -2.53686         -3.11115
   70          -2.45094         -2.9799
   70.1          -2.34325         -2.84466
   70.2          -2.21473         -2.7056
   70.3          -2.06693         -2.56282
   70.4          -1.90197         -2.41627
   70.5          -1.72246         -2.26582
   70.6          -1.53141         -2.11128
   70.7          -1.33211         -1.95239
   70.8          -1.12807         -1.78888
   70.9          -0.922853         -1.62046
   71          -0.71996         -1.44689
   71.1          -0.522725         -1.26795
   71.2          -0.334193         -1.08353
   71.3          -0.157018         -0.893599
   71.4          0.00662422         -0.698238
   71.5          0.155104         -0.497669
   71.6          0.28739         -0.29225
   71.7          0.403074         -0.0824874
   71.8          0.502373         0.130972
   71.9          0.586116         0.34734
   72          0.655695         0.565703
   72.1          0.713005         0.785035
   72.2          0.76036         1.00422
   72.3          0.800401         1.22207
   72.4          0.835982         1.43737
   72.5          0.870052         1.64886
   72.6          0.90554         1.85534
   72.7          0.945232         2.05562
   72.8          0.991655         2.24859
   72.9          1.04698         2.43325
   73          1.11292         2.60869
   73.1          1.19067         2.77418
   73.2          1.28086         2.9291
   73.3          1.38347         3.073
   73.4          1.49791         3.20561
   73.5          1.62295         3.32679
   73.6          1.75681         3.43658
   73.7          1.89721         3.53513
   73.8          2.04143         3.62274
   73.9          2.18641         3.6998
   74          2.32887         3.76678
   74.1          2.46543         3.82419
   74.2          2.59271         3.87258
   74.3          2.70745         3.9125
   74.4          2.80666         3.94446
   74.5          2.88771         3.96893
   74.6          2.94839         3.98629
   74.7          2.98705         3.99684
   74.8          3.00263         4.00079
   74.9          2.99469         3.9982
   75          2.96344         3.98904
   75.1          2.90973         3.97316
   75.2          2.83503         3.9503
   75.3          2.74133         3.92009
   75.4          2.63113         3.88211
   75.5          2.50733         3.83586
   75.6          2.37309         3.7808
   75.7          2.23177         3.71638
   75.8          2.08676         3.64207
   75.9          1.94139         3.55739
   76          1.79882         3.46192
   76.1          1.6619         3.35534
   76.2          1.53306         3.23742
   76.3          1.41429         3.10811
   76.4          1.307         2.96747
   76.5          1.21202         2.81573
   76.6          1.12956         2.65329
   76.7          1.05922         2.48069
   76.8          1.00001         2.29864
   76.9          0.950375         2.10798
   77          0.90831         1.9097
   77.1          0.871396         1.70486
   77.2          0.836927         1.49462
   77.3          0.802011         1.2802
   77.4          0.763694         1.06283
   77.5          0.719074         0.843745
   77.6          0.665424         0.624151
   77.7          0.600304         0.405191
   77.8          0.52166         0.187924
   77.9          0.427917         -0.0266933
   78          0.318042         -0.237828
   78.1          0.191601         -0.444782
   78.2          0.0487809         -0.647
   78.3          -0.109604         -0.844072
   78.4          -0.282128         -1.03573
   78.5          -0.466803         -1.22185
   78.6          -0.661132         -1.40241
   78.7          -0.862198         -1.57752
   78.8          -1.06676         -1.74734
   78.9          -1.27135         -1.91212
   79          -1.47242         -2.07214
   79.1          -1.66644         -2.22767
   79.2          -1.85002         -2.37899
   79.3          -2.02004         -2.52631
   79.4          -2.17373         -2.66979
   79.5          -2.30881         -2.80951
   79.6          -2.42352         -2.94542
   79.7          -2.51669         -3.07739
   79.8          -2.5878         -3.20514
   79.9          -2.63696         -3.32829
   80          -2.6649         -3.44632
   80.1          -2.67298         -3.55862
   80.2          -2.66308         -3.66446
   80.3          -2.63753         -3.76305
   80.4          -2.59908         -3.85354
   80.5          -2.5507         -3.93502
   80.6          -2.49554         -4.00662
   80.7          -2.43679         -4.06745
   80.8          -2.37752         -4.11669
   80.9          -2.32063         -4.15359
   81          -2.26868         -4.1775
   81.1          -2.22384         -4.18791
   81.2          -2.18778         -4.18443
   81.3          -2.1616         -4.16684
   81.4          -2.14584         -4.13508
   81.5          -2.14039         -4.08925
   81.6          -2.14458         -4.02964
   81.7          -2.1571         -3.95668
   81.8          -2.17617         -3.87097
   81.9          -2.19952         -3.77323
   82          -2.2245         -3.66429
   82.1          -2.24823         -3.54508
   82.2          -2.26764         -3.41657
   82.3          -2.27963         -3.2798
   82.4          -2.2812         -3.13579
   82.5          -2.26955         -2.98553
   82.6          -2.24218         -2.82999
   82.7          -2.19701         -2.67005
   82.8          -2.13246         -2.5065
   82.9          -2.04754         -2.34002
   83          -1.94182         -2.17118
   83.1          -1.81556         -2.0004
   83.2          -1.66962         -1.82801
   83.3          -1.5055         -1.65417
   83.4          -1.32524         -1.47896
   83.5          -1.13142         -1.30234
   83.6          -0.926995         -1.1242
   83.7          -0.715272         -0.944341
   83.8          -0.49975         -0.762558
   83.9          -0.284019         -0.578615
   84          -0.0716337         -0.392293
   84.1          0.134007         -0.203411
   84.2          0.329772         -0.0118542
   84.3          0.512908         0.182406
   84.4          0.681125         0.379294
   84.5          0.832675         0.578612
   84.6          0.966399         0.780029
   84.7          1.08177         0.98308
   84.8          1.17888         1.18716
   84.9          1.25845         1.39153
   85          1.32179         1.59534
   85.1          1.37071         1.7976
   85.2          1.40748         1.99727
   85.3          1.43471         2.19323
   85.4          1.45526         2.3843
   85.5          1.47211         2.56932
   85.6          1.48823         2.74713
   85.7          1.50652         2.9166
   85.8          1.52959         3.0767
   85.9          1.55977         3.22649
   86          1.59893         3.36514
   86.1          1.64843         3.49195
   86.2          1.70908         3.60641
   86.3          1.78107         3.70814
   86.4          1.864         3.79693
   86.5          1.95684         3.87274
   86.6          2.058         3.9357
   86.7          2.16537         3.98606
   86.8          2.27638         4.02422
   86.9          2.38813         4.05068
   87          2.49746         4.06602
   87.1          2.60109         4.0709
   87.2          2.6957         4.066
   87.3          2.7781         4.052
   87.4          2.84532         4.02957
   87.5          2.89473         3.99932
   87.6          2.92413         3.9618
   87.7          2.93184         3.91748
   87.8          2.91676         3.86672
   87.9          2.87841         3.80975
   88          2.81696         3.74672
   88.1          2.73322         3.67762
   88.2          2.62862         3.60236
   88.3          2.50513         3.52074
   88.4          2.36526         3.43246
   88.5          2.21189         3.33718
   88.6          2.04824         3.23449
   88.7          1.87771         3.12397
   88.8          1.70376         3.0052
   88.9          1.52984         2.87782
   89          1.35921         2.74148
   89.1          1.19486         2.59597
   89.2          1.03939         2.44115
   89.3          0.894936         2.27702
   89.4          0.763098         2.1037
   89.5          0.644883         1.9215
   89.6          0.540682         1.73084
   89.7          0.450265         1.53232
   89.8          0.3728         1.3267
   89.9          0.306893         1.11485
   90          0.250655         0.897773
   90.1          0.201777         0.676587
   90.2          0.157632         0.452477
   90.3          0.115381         0.226683
   90.4          0.0720909         0.000470478
   90.5          0.0248552         -0.224899
   90.6          -0.0290877         -0.448199
   90.7          -0.09224         -0.66826
   90.8          -0.16674         -0.884002
   90.9          -0.25427         -1.09445
   91          -0.355986         -1.29876
   91.1          -0.472461         -1.49622
   91.2          -0.603652         -1.68627
   91.3          -0.748893         -1.86851
   91.4          -0.906907         -2.04269
   91.5          -1.07584         -2.20868
   91.6          -1.25334         -2.36652
   91.7          -1.4366         -2.51633
   91.8          -1.62247         -2.65835
   91.9          -1.80758         -2.79289
   92          -1.98844         -2.92028
   92.1          -2.16154         -3.0409
   92.2          -2.32353         -3.1551
   92.3          -2.47127         -3.26323
   92.4          -2.60198         -3.36555
   92.5          -2.71335         -3.46225
   92.6          -2.80357         -3.55345
   92.7          -2.87142         -3.63912
   92.8          -2.91632         -3.71916
   92.9          -2.93833         -3.79331
   93          -2.93814         -3.86122
   93.1          -2.91706         -3.92241
   93.2          -2.87695         -3.97633
   93.3          -2.82016         -4.02232
   93.4          -2.74942         -4.05967
   93.5          -2.66778         -4.08764
   93.6          -2.57843         -4.10548
   93.7          -2.48467         -4.11244
   93.8          -2.38968         -4.10783
   93.9          -2.29649         -4.09102
   94          -2.20785         -4.0615
   94.1          -2.12609         -4.01885
   94.2          -2.05308         -3.9628
   94.3          -1.99013         -3.89324
   94.4          -1.93798         -3.8102
   94.5          -1.89676         -3.71392
   94.6          -1.86597         -3.60476
   94.7          -1.84454         -3.48326
   94.8          -1.83084         -3.35012
   94.9          -1.82277         -3.20615
   95          -1.81786         -3.0523
   95.1          -1.81331         -2.88959
   95.2          -1.80616         -2.71911
   95.3          -1.7934         -2.54199
   95.4          -1.77204         -2.35936
   95.5          -1.7393         -2.17234
   95.6          -1.69267         -1.98197
   95.7          -1.63005         -1.78927
   95.8          -1.54979         -1.59512
   95.9          -1.45082         -1.40031
   96          -1.33266         -1.20549
   96.1          -1.19546         -1.01121
   96.2          -1.03999         -0.817847
   96.3          -0.867652         -0.625666
   96.4          -0.68043         -0.434805
   96.5          -0.480807         -0.245288
   96.6          -0.271702         -0.0570455
   96.7          -0.0563728         0.130066
   96.8          0.161701         0.31624
   96.9          0.37893         0.501698
   97          0.59174         0.686659
   97.1          0.79669         0.871314
   97.2          0.990593         1.0558
   97.3          1.17062         1.24019
   97.4          1.33439         1.42445
   97.5          1.48007         1.60844
   97.6          1.60639         1.79188
   97.7          1.71273         1.9744
   97.8          1.79908         2.15547
   97.9          1.86608         2.33443
   98          1.91496         2.5105
   98.1          1.94747         2.68282
   98.2          1.96585         2.85042
   98.3          1.9727         3.01227
   98.4          1.9709         3.1673
   98.5          1.96346         3.31444
   98.6          1.95345         3.45261
   98.7          1.94383         3.58079
   98.8          1.93737         3.69804
   98.9          1.93653         3.8035
   99          1.94334         3.89643
   99.1          1.95937         3.97625
   99.2          1.98562         4.04252
   99.3          2.02249         4.09496
   99.4          2.06977         4.13345
   99.5          2.12665         4.15807
   99.6          2.19175         4.16904
   99.7          2.26312         4.16672
   99.8          2.3384         4.15163
   99.9          2.41481         4.12439
