0
-0.316547
-0.632141
-0.945834
-1.25668
-1.56375
-1.86611
-2.16285
-2.45309
-2.73594
-3.01056
-3.27612
-3.53181
-3.77686
-4.01054
-4.23213
-4.44098
-4.63643
-4.81791
-4.98485
-5.13675
-5.27316
-5.39364
-5.49783
-5.5854
-5.65609
-5.70967
-5.74597
-5.76486
-5.76629
-5.75023
-5.71672
-5.66584
-5.59774
-5.5126
-5.41067
-5.29223
-5.15762
-5.00724
-4.84152
-4.66093
-4.46601
-4.25732
-4.03548
-3.80112
-3.55494
-3.29766
-3.03002
-2.75283
-2.46689
-2.17304
-1.87214
-1.5651
-1.2528
-0.936169
-0.616145
-0.29367
0.0303017
0.354813
0.678904
1.00162
1.32199
1.63908
1.95194
2.25965
2.56129
2.85596
3.14279
3.42092
3.68952
3.9478
4.19497
4.43031
4.6531
4.86267
5.0584
5.2397
5.40601
5.55684
5.69172
5.81024
5.91203
5.99679
6.06424
6.11417
6.14641
6.16086
6.15745
6.13617
6.09707
6.04024
5.96584
5.87406
5.76515
5.63942
5.49722
5.33894
5.16503
4.97599
4.77235
4.5547
4.32364
4.07985
3.82401
3.55688
3.2792
2.99178
2.69545
2.39105
2.07947
1.76161
1.43837
1.1107
0.779539
0.445843
0.110578
-0.225288
-0.560783
-0.894937
-1.22678
-1.55536
-1.87972
-2.19892
-2.51204
-2.81817
-3.11642
-3.40594
-3.68587
-3.95543
-4.21381
-4.46028
-4.69411
-4.91465
-5.12123
-5.31328
-5.49023
-5.65158
-5.79685
-5.92562
-6.03754
-6.13227
-6.20954
-6.26914
-6.31088
-6.33467
-6.34042
-6.32813
-6.29783
-6.24963
-6.18366
-6.10011
-5.99925
-5.88135
-5.74678
-5.59593
-5.42923
-5.24718
-5.05032
-4.83921
-4.61447
-4.37677
-4.1268
-3.86529
-3.593
-3.31073
-3.0193
-2.71956
-2.41239
-2.09868
-1.77934
-1.45531
-1.12753
-0.796957
-0.464546
-0.131267
0.201912
0.534022
0.864099
1.19119
1.51433
1.8326
2.14507
2.45084
2.74903
3.03876
3.31921
3.58957
3.84905
4.09691
4.33245
4.55497
4.76386
4.9585
5.13836
5.30291
5.45168
5.58428
5.70031
5.79946
5.88146
5.94609
5.99317
6.02259
6.03428
6.02822
6.00446
5.96308
5.90422
5.82809
5.73491
5.62499
5.49867
5.35635
5.19845
5.02546
4.83791
4.63638
4.42147
4.19383
3.95416
3.70317
3.44162
3.1703
2.89003
2.60164
2.306
2.004
1.69653
1.38453
1.06892
0.750643
0.430654
0.109906
-0.210645
-0.530043
-0.847337
-1.16158
-1.47184
-1.77719
-2.07673
-2.36956
-2.65481
-2.93164
-3.19923
-3.45677
-3.70351
-3.93872
-4.1617
-4.37179
-4.56836
-4.75084
-4.91869
-5.07141
-5.20855
-5.3297
-5.43453
-5.5227
-5.59398
-5.64814
-5.68504
-5.70457
-5.70667
-5.69135
-5.65866
-5.60869
-5.54161
-5.45762
-5.35697
-5.23998
-5.10698
-4.95839
-4.79465
-4.61626
-4.42375
-4.2177
-3.99873
-3.7675
-3.52471
-3.27107
-3.00736
-2.73436
-2.4529
-2.16381
-1.86797
-1.56626
-1.25959
-0.948877
-0.635054
-0.319064
-0.00185493
0.315621
0.632411
0.947562
1.26013
1.56917
1.87376
2.17297
2.46592
2.75171
3.02949
3.29841
3.55767
3.80647
4.04408
4.26977
4.48285
4.68267
4.86864
5.04017
5.19675
5.3379
5.46317
5.57219
5.6646
5.74013
5.79852
5.8396
5.86321
5.86927
5.85775
5.82865
5.78206
5.71809
5.63691
5.53874
5.42387
5.2926
5.14532
4.98243
4.80442
4.61178
4.40507
4.1849
3.95188
3.7067
3.45008
3.18274
2.90548
2.61909
2.32442
2.02231
1.71366
1.39937
1.08034
0.757524
0.431857
0.104295
-0.224202
-0.552671
-0.880146
-1.20567
-1.52828
-1.84703
-2.16098
-2.46921
-2.77081
-3.06489
-3.35059
-3.62705
-3.89346
-4.14904
-4.39303
-4.6247
-4.84336
-5.04837
-5.23912
-5.41504
-5.57559
-5.72031
-5.84875
-5.96053
-6.05531
-6.13279
-6.19275
-6.23498
-6.25936
-6.26581
-6.25428
-6.2248
-6.17744
-6.11233
-6.02965
-5.92961
-5.81251
-5.67867
-5.52847
-5.36233
-5.18073
-4.98419
-4.77325
-4.54854
-4.31069
-4.06038
-3.79834
-3.52531
-3.24208
-2.94946
-2.64831
-2.33948
-2.02386
-1.70237
-1.37593
-1.04548
-0.71198
-0.376387
-0.0396717
0.297195
0.633242
0.967498
1.299
1.62679
1.94992
2.26746
2.5785
2.88214
3.17749
3.46372
3.74
4.00553
4.25954
4.50132
4.73015
4.9454
5.14643
5.33268
5.5036
5.65872
5.7976
5.91983
6.02507
6.11304
6.18347
6.23618
6.27102
6.28791
6.28681
6.26773
6.23074
6.17595
6.10354
6.01373
5.9068
5.78306
5.64289
5.48671
5.31498
5.12822
4.92698
4.71186
4.48349
4.24256
3.98976
3.72586
3.45163
3.16787
2.87542
2.57515
2.26794
1.95468
1.6363
1.31374
0.98794
0.659855
0.330447
0.000681697
-0.328477
-0.656065
-0.981125
-1.30271
-1.61988
-1.9317
-2.23728
-2.53571
-2.82614
-3.10772
-3.37962
-3.64107
-3.89129
-4.12958
-4.35524
-4.56762
-4.76611
-4.95015
-5.11919
-5.27276
-5.41043
-5.53181
-5.63655
-5.72436
-5.79501
-5.8483
-5.88409
-5.9023
-5.90289
-5.88587
-5.85133
-5.79937
-5.73017
-5.64395
-5.541
-5.42162
-5.28619
-5.13513
-4.96891
-4.78803
-4.59305
-4.38456
-4.16319
-3.92962
-3.68456
-3.42874
-3.16295
-2.88797
-2.60465
-2.31383
-2.01639
-1.71323
-1.40526
-1.0934
-0.778585
-0.461768
-0.143898
0.174074
0.491192
0.806507
1.11907
1.42795
1.73222
2.03097
2.3233
2.60834
2.88523
3.15315
3.41129
3.65888
3.89517
4.11947
4.3311
4.52942
4.71384
4.88382
5.03883
5.17841
5.30215
5.40967
5.50065
5.57482
5.63194
5.67186
5.69444
5.69962
5.68738
5.65775
5.61081
5.54671
5.46563
5.36781
5.25355
5.12316
4.97706
4.81565
4.63944
4.44892
4.24469
4.02733
3.79749
3.55587
3.30317
3.04014
2.76758
2.48629
2.19711
1.90089
1.59853
1.29093
0.97899
0.663656
0.345864
0.0265622
-0.293295
-0.612753
-0.930855
-1.24665
-1.5592
-1.86756
-2.1708
-2.46803
-2.75835
-3.04088
-3.31478
-3.57922
-3.83341
-4.07658
-4.30799
-4.52695
-4.73279
-4.92489
-5.10265
-5.26555
-5.41308
-5.54478
-5.66025
-5.75912
-5.8411
-5.9059
-5.95334
-5.98323
-5.99549
-5.99004
-5.96689
-5.92609
-5.86773
-5.79197
-5.69901
-5.5891
-5.46256
-5.31973
-5.16101
-4.98686
-4.79776
-4.59426
-4.37694
-4.14642
-3.90336
-3.64847
-3.38246
-3.10612
-2.82024
-2.52565
-2.22319
-1.91374
-1.59821
-1.27751
-0.952558
-0.624311
-0.293719
0.0382555
0.370647
0.702488
1.03281
1.36065
1.68506
2.00508
2.31979
2.62825
2.92958
3.2229
3.50733
3.78206
4.04627
4.2992
4.5401
4.76827
4.98303
5.18375
5.36985
5.54078
5.69603
5.83515
5.95772
6.06339
6.15183
6.22279
6.27605
6.31145
6.32887
6.32828
6.30965
6.27304
6.21855
6.14633
6.05658
5.94956
5.82558
5.68499
5.52819
5.35563
5.16782
4.96529
4.74862
4.51844
4.27542
4.02025
3.75367
3.47646
3.18941
2.89335
2.58914
2.27766
1.95981
1.63651
1.30869
0.977296
0.643294
0.307644
-0.0286815
-0.364712
-0.699478
-1.03201
-1.36135
-1.68655
-2.00667
-2.32078
-2.62798
-2.92739
-3.21815
-3.49941
-3.77037
-4.03025
-4.27831
-4.51383
-4.73615
-4.94462
-5.13866
-5.3177
-5.48125
-5.62884
-5.76005
-5.87452
-5.97193
-6.05201
-6.11455
-6.15936
-6.18635
-6.19545
-6.18666
-6.16
-6.11558
-6.05354
-5.97409
-5.87747
-5.76398
-5.63397
-5.48784
-5.32603
-5.14902
-4.95736
-4.75162
-4.53242
-4.30041
-4.05629
-3.80079
-3.53466
-3.25871
-2.97375
-2.68062
-2.38021
-2.0734
-1.76109
-1.44423
-1.12373
-0.800558
-0.47566
-0.149999
0.175464
0.49977
0.821962
1.14109
1.45622
1.76641
2.07077
2.36839
2.65839
2.93994
3.2122
3.47438
3.72571
3.96545
4.19291
4.40742
4.60835
4.79514
4.96722
5.12412
5.26536
5.39055
5.49934
5.5914
5.66649
5.72438
5.76494
5.78804
5.79363
5.78172
5.75235
5.70563
5.6417
5.56077
5.4631
5.34899
5.21879
5.0729
4.91178
4.73591
4.54583
4.34211
4.12538
3.8963
3.65555
3.40386
3.14201
2.87077
2.59096
2.30343
2.00905
1.7087
1.40329
1.09373
0.780965
0.465927
0.149566
-0.167167
-0.483317
-0.797936
-1.11008
-1.4188
-1.72318
-2.02229
-2.31524
-2.60115
-2.87916
-3.14842
-3.40813
-3.65751
-3.8958
-4.12229
-4.33628
-4.53713
-4.72425
-4.89705
-5.05501
-5.19766
-5.32455
-5.43531
-5.52958
-5.60709
-5.66758
-5.71088
-5.73683
-5.74535
-5.73641
-5.71001
-5.66624
-5.6052
-5.52708
-5.43208
-5.32049
-5.19262
-5.04885
-4.88959
-4.71531
-4.52652
-4.32376
-4.10763
-3.87877
-3.63784
-3.38556
-3.12267
-2.84994
-2.56817
-2.2782
-1.98087
-1.67708
-1.36772
-1.05369
-0.735937
-0.415392
-0.0930071
0.230263
0.553459
0.875623
1.1958
1.51303
1.82638
2.13492
2.43772
2.73389
3.02253
3.3028
3.57385
3.83487
4.08507
4.32372
4.55009
4.7635
4.96331
5.14891
5.31975
5.4753
5.61509
5.73868
5.84571
5.93583
6.00877
6.06429
6.10221
6.1224
6.12478
6.10932
6.07606
6.02507
5.95648
5.87047
5.76728
5.64719
5.51053
5.3577
5.18911
5.00524
4.80663
4.59382
4.36743
4.1281
3.87653
3.61342
3.33954
3.05568
2.76264
2.46128
2.15246
1.83707
1.51602
1.19025
0.860681
0.528281
0.194007
-0.141175
-0.476293
-0.810378
-1.14246
-1.47158
-1.79679
-2.11713
-2.43168
-2.73953
-3.03979
-3.33159
-3.61407
-3.88642
-4.14785
-4.3976
-4.63494
-4.85919
-5.0697
-5.26585
-5.44707
-5.61285
-5.76269
-5.89617
-6.0129
-6.11254
-6.1948
-6.25944
-6.30628
-6.33518
-6.34606
-6.33889
-6.3137
-6.27055
-6.20958
-6.13096
-6.03492
-5.92175
-5.79178
-5.64539
-5.48299
-5.30508
-5.11216
-4.9048
-4.68361
-4.44922
-4.20233
-3.94365
-3.67394
-3.39398
-3.10458
-2.80659
-2.50088
-2.18833
-1.86986
-1.54638
-1.21885
-0.888206
-0.555414
-0.221441
0.112746
0.446175
0.777882
1.1069
1.43229
1.75309
2.06839
2.37727
2.67884
2.97222
3.25658
3.53109
3.79496
4.04744
4.2878
