0
0.272368
0.543956
0.813985
1.08168
1.34628
1.60702
1.86315
2.11395
2.35869
2.59668
2.82723
3.04968
3.26341
3.4678
3.66227
3.84626
4.01926
4.18077
4.33033
4.46753
4.59198
4.70332
4.80124
4.88548
4.95581
5.01202
5.05397
5.08156
5.0947
5.09339
5.07763
5.04749
5.00306
4.94449
4.87197
4.7857
4.68597
4.57306
4.44733
4.30915
4.15893
3.99713
3.82423
3.64073
3.44719
3.24418
3.0323
2.81217
2.58446
2.34982
2.10895
1.86257
1.61139
1.35615
1.09761
0.83652
0.573646
0.30976
0.0456344
-0.217959
-0.480249
-0.740471
-0.997864
-1.25168
-1.50118
-1.74564
-1.98434
-2.2166
-2.44174
-2.65911
-2.86808
-3.06805
-3.25845
-3.43872
-3.60835
-3.76685
-3.91378
-4.04871
-4.17127
-4.28111
-4.37792
-4.46144
-4.53144
-4.58772
-4.63015
-4.65862
-4.67305
-4.67344
-4.65979
-4.63217
-4.59068
-4.53546
-4.4667
-4.38461
-4.28946
-4.18156
-4.06124
-3.92887
-3.78488
-3.6297
-3.46381
-3.28772
-3.10197
-2.90714
-2.70381
-2.49261
-2.27418
-2.04919
-1.81831
-1.58226
-1.34173
-1.09748
-0.850222
-0.600721
-0.349727
-0.097998
0.153704
0.404619
0.65399
0.901063
1.14509
1.38534
1.62109
1.85162
2.07624
2.29428
2.50506
2.70797
2.90238
3.08771
3.26341
3.42893
3.58378
3.7275
3.85964
3.97981
4.08764
4.18282
4.26503
4.33405
4.38965
4.43167
4.45997
4.47446
4.47511
4.46189
4.43486
4.39407
4.33966
4.27178
4.19062
4.09643
3.98949
3.8701
3.73863
3.59546
3.44102
3.27576
3.10018
2.91479
2.72016
2.51686
2.30549
2.08668
1.86109
1.62939
1.39228
1.15045
0.904633
0.655566
0.403991
0.150662
-0.103662
-0.358219
-0.612246
-0.864981
-1.11566
-1.36354
-1.60787
-1.8479
-2.08293
-2.31224
-2.53514
-2.75094
-2.95901
-3.15871
-3.34942
-3.53058
-3.70163
-3.86203
-4.01131
-4.149
-4.27468
-4.38795
-4.48846
-4.57589
-4.64996
-4.71045
-4.75713
-4.78987
-4.80853
-4.81304
-4.80337
-4.77952
-4.74155
-4.68954
-4.62363
-4.54398
-4.45081
-4.34438
-4.22498
-4.09293
-3.94861
-3.79242
-3.6248
-3.44623
-3.2572
-3.05827
-2.84999
-2.63296
-2.4078
-2.17516
-1.9357
-1.69012
-1.43911
-1.1834
-0.923736
-0.660856
-0.395523
-0.128505
0.139427
0.407496
0.674926
0.940942
1.20477
1.46565
1.72282
1.97553
2.22305
2.46466
2.69965
2.92734
3.14707
3.3582
3.5601
3.7522
3.93392
4.10475
4.26416
4.41171
4.54696
4.6695
4.77899
4.87509
4.95753
5.02605
5.08045
5.12058
5.14631
5.15755
5.15428
5.13649
5.10423
5.05759
4.9967
4.92173
4.83289
4.73044
4.61466
4.48589
4.3445
4.19088
4.02548
3.84878
3.66128
3.46351
3.25606
3.0395
2.81447
2.58162
2.34161
2.09513
1.84289
1.58561
1.32405
1.05894
0.791052
0.521154
0.250023
-0.021563
-0.292824
-0.562981
-0.831259
-1.09689
-1.35911
-1.61716
-1.87032
-2.11785
-2.35905
-2.59322
-2.81971
-3.03786
-3.24705
-3.44669
-3.63622
-3.81509
-3.9828
-4.13888
-4.28289
-4.41442
-4.53312
-4.63864
-4.73071
-4.80907
-4.87351
-4.92386
-4.95999
-4.98182
-4.98929
-4.98242
-4.96123
-4.9258
-4.87627
-4.81279
-4.73556
-4.64483
-4.54089
-4.42405
-4.29468
-4.15317
-3.99995
-3.83548
-3.66028
-3.47485
-3.27977
-3.07561
-2.863
-2.64256
-2.41496
-2.18087
-1.941
-1.69606
-1.44677
-1.19388
-0.938143
-0.680313
-0.421154
-0.161436
0.0980743
0.356609
0.613405
0.867703
1.11875
1.36582
1.60817
1.8451
2.0759
2.2999
2.51645
2.72491
2.92466
3.11514
3.29577
3.46604
3.62546
3.77355
3.9099
4.0341
4.14581
4.2447
4.3305
4.40295
4.46187
4.50709
4.53849
4.55598
4.55954
4.54917
4.52491
4.48684
4.43511
4.36987
4.29133
4.19975
4.09541
3.97863
3.84978
3.70926
3.5575
3.39496
3.22215
3.03959
2.84783
2.64748
2.43913
2.22342
2.00101
1.77256
1.53879
1.30039
1.05809
0.812631
0.564748
0.315195
0.0647304
-0.185888
-0.4359
-0.684548
-0.931078
-1.17474
-1.4148
-1.65053
-1.88122
-2.10615
-2.32466
-2.53607
-2.73974
-2.93506
-3.12143
-3.29828
-3.46508
-3.6213
-3.76648
-3.90016
-4.02194
-4.13145
-4.22834
-4.3123
-4.38309
-4.44047
-4.48426
-4.51432
-4.53054
-4.53286
-4.52127
-4.49579
-4.45648
-4.40344
-4.33682
-4.25681
-4.16364
-4.05756
-3.93888
-3.80796
-3.66515
-3.51089
-3.34561
-3.1698
-2.98398
-2.78868
-2.58449
-2.37199
-2.15182
-1.92462
-1.69106
-1.45182
-1.20762
-0.959181
-0.707228
-0.452509
-0.19578
0.0622
0.320665
0.578848
0.835983
1.0913
1.34405
1.59348
1.83883
2.07938
2.31442
2.54323
2.76513
2.97946
3.18557
3.38284
3.57068
3.74852
3.91583
4.07208
4.21682
4.3496
4.47
4.57766
4.67225
4.75346
4.82104
4.87477
4.91448
4.94003
4.95133
4.94831
4.93098
4.89936
4.85352
4.79358
4.7197
4.63207
4.53092
4.41654
4.28924
4.14938
3.99734
3.83355
3.65847
3.4726
3.27646
3.07061
2.85563
2.63213
2.40076
2.16216
1.91703
1.66607
1.40998
1.14952
0.885413
0.618432
0.349338
0.078906
-0.192088
-0.462864
-0.732643
-1.00065
-1.26611
-1.52826
-1.78635
-2.03963
-2.28737
-2.52886
-2.7634
-2.99032
-3.20896
-3.41869
-3.61891
-3.80904
-3.98853
-4.15686
-4.31355
-4.45816
-4.59025
-4.70946
-4.81544
-4.90788
-4.98652
-5.05114
-5.10155
-5.13761
-5.15922
-5.16631
-5.15887
-5.13693
-5.10055
-5.04983
-4.98494
-4.90605
-4.81341
-4.70728
-4.58798
-4.45584
-4.31127
-4.15468
-3.98652
-3.80729
-3.61751
-3.41773
-3.20853
-2.99052
-2.76433
-2.53063
-2.29008
-2.0434
-1.79128
-1.53447
-1.27371
-1.00975
-0.743364
-0.475314
-0.206378
0.0626662
0.331041
0.597973
0.862691
1.12443
1.38244
1.63598
1.88431
2.12673
2.36254
2.59106
2.81164
3.02365
3.22648
3.41956
3.60234
3.7743
3.93495
4.08385
4.22057
4.34474
4.456
4.55406
4.63864
4.70952
4.76652
4.80947
4.83828
4.85289
4.85328
4.83946
4.81149
4.76949
4.71359
4.64398
4.56089
4.46458
4.35536
4.23356
4.09957
3.9538
3.7967
3.62875
3.45046
3.26238
3.06508
2.85916
2.64525
2.42398
2.19602
1.96208
1.72284
1.47903
1.23138
0.980635
0.727547
0.472875
0.217379
-0.0381741
-0.293022
-0.546402
-0.797558
-1.04574
-1.29021
-1.53024
-1.76512
-1.99414
-2.21662
-2.4319
-2.63936
-2.83835
-3.02831
-3.20866
-3.37888
-3.53845
-3.68692
-3.82383
-3.94879
-4.06143
-4.16141
-4.24846
-4.32231
-4.38274
-4.4296
-4.46273
-4.48206
-4.48753
-4.47912
-4.45688
-4.42087
-4.37122
-4.30807
-4.23162
-4.14211
-4.03981
-3.92503
-3.79813
-3.6595
-3.50954
-3.34872
-3.17753
-2.99648
-2.80613
-2.60705
-2.39983
-2.18512
-1.96356
-1.73581
-1.50257
-1.26455
-1.02245
-0.777022
-0.528996
-0.279125
-0.0281652
0.223124
0.473984
0.723653
0.971377
1.2164
1.45799
1.69541
1.92794
2.15486
2.3755
2.58918
2.79525
2.99309
3.18207
3.36164
3.53124
3.69035
3.83847
3.97515
4.09997
4.21254
4.31251
4.39956
4.47341
4.53383
4.58061
4.61361
4.63271
4.63782
4.62892
4.60602
4.56916
4.51843
4.45397
4.37595
4.28458
4.18012
4.06286
3.93313
3.79129
3.63776
3.47296
3.29738
3.11151
2.9159
2.7111
2.49771
2.27635
2.04765
1.8123
1.57096
1.32435
1.07317
0.818177
0.560101
0.299701
0.0377388
-0.225017
-0.487796
-0.749827
-1.01034
-1.26857
-1.52375
-1.77514
-2.02199
-2.26357
-2.49918
-2.7281
-2.94968
-3.16324
-3.36815
-3.56382
-3.74964
-3.92508
-4.08959
-4.24271
-4.38395
-4.5129
-4.62917
-4.7324
-4.82229
-4.89854
-4.96094
-5.00927
-5.04339
-5.06317
-5.06856
-5.05951
-5.03604
-4.9982
-4.94608
-4.87983
-4.79962
-4.70567
-4.59824
-4.47763
-4.34417
-4.19823
-4.04024
-3.87063
-3.68988
-3.49851
-3.29706
-3.0861
-2.86624
-2.63809
-2.40231
-2.15958
-1.91058
-1.65604
-1.39667
-1.13322
-0.866443
-0.597106
-0.325978
-0.053837
0.218537
0.490363
0.760863
1.02926
1.29479
1.55668
1.81419
2.06657
2.31312
2.55311
2.78586
3.01072
3.22702
3.43416
3.63155
3.81861
3.99483
4.15969
4.31273
4.45351
4.58164
4.69675
4.79853
4.88668
4.96096
5.02116
5.06713
5.09873
5.1159
5.11858
5.10679
5.08056
5.03999
4.9852
4.91637
4.8337
4.73745
4.6279
4.50539
4.37029
4.22298
4.06392
3.89357
3.71245
3.52107
3.32002
3.10988
2.89128
2.66485
2.43126
2.1912
1.94537
1.6945
1.43931
1.18057
0.91901
0.655412
0.390542
0.125172
-0.139922
-0.40397
-0.666201
-0.925854
-1.18217
-1.43441
-1.68185
-1.92375
-2.15943
-2.3882
-2.6094
-2.8224
-3.02658
-3.22135
-3.40616
-3.58048
-3.74381
-3.89569
-4.03568
-4.1634
-4.27848
-4.3806
-4.46949
-4.54489
-4.60661
-4.65449
-4.68839
-4.70825
-4.71402
-4.70571
-4.68336
-4.64707
-4.59695
-4.53318
-4.45596
-4.36555
-4.26223
-4.14633
-4.01821
-3.87827
-3.72694
-3.56469
-3.39203
-3.20947
-3.01758
-2.81695
-2.60819
-2.39192
-2.16882
-1.93956
-1.70483
-1.46534
-1.22183
-0.975017
-0.72566
-0.474509
-0.222321
0.0301408
0.282117
0.532847
0.781575
1.02755
1.27004
1.50831
1.74164
1.96932
2.19069
2.40506
2.6118
2.81028
2.99991
3.18011
3.35035
3.51011
3.65892
3.79631
3.9219
4.03528
4.13613
4.22413
4.29903
4.3606
4.40865
4.44303
4.46364
4.47042
4.46335
4.44244
4.40776
4.3594
4.29751
4.22228
4.13392
4.0327
3.91892
3.79292
3.65508
3.50581
3.34554
3.17477
2.99399
2.80376
2.60464
2.39722
2.18212
1.95999
1.7315
1.49732
1.25817
1.01475
0.767794
0.518046
0.266254
0.0131753
-0.240431
-0.493802
-0.746176
-0.996793
-1.2449
-1.48974
-1.73059
-1.96671
-2.19739
-2.42194
-2.63966
-2.84991
-3.05204
-3.24544
-3.42951
-3.6037
