1 0.18394 
2 0.167786 
3 0.163913 
4 0.162488 
5 0.161817 
6 0.161448 
7 0.161225 
8 0.16108 
9 0.16098 
10 0.160909 
11 0.160856 
12 0.160815 
13 0.160784 
14 0.160759 
15 0.160739 
16 0.160722 
17 0.160709 
18 0.160697 
19 0.160688 
20 0.160679 
21 0.160672 
22 0.160666 
23 0.160661 
24 0.160656 
25 0.160652 
26 0.160648 
27 0.160645 
28 0.160642 
29 0.160639 
30 0.160637 
31 0.160635 
32 0.160633 
33 0.160631 
34 0.160629 
35 0.160628 
36 0.160626 
37 0.160625 
38 0.160624 
39 0.160623 
40 0.160622 
41 0.160621 
42 0.16062 
43 0.160619 
44 0.160619 
45 0.160618 
46 0.160617 
47 0.160617 
48 0.160616 
49 0.160616 
50 0.160615 
51 0.160615 
52 0.160614 
53 0.160614 
54 0.160613 
55 0.160613 
56 0.160613 
57 0.160612 
58 0.160612 
59 0.160612 
60 0.160611 
61 0.160611 
62 0.160611 
63 0.160611 
64 0.16061 
65 0.16061 
66 0.16061 
67 0.16061 
68 0.160609 
69 0.160609 
70 0.160609 
71 0.160609 
72 0.160609 
73 0.160609 
74 0.160608 
75 0.160608 
76 0.160608 
77 0.160608 
78 0.160608 
79 0.160608 
80 0.160608 
81 0.160607 
82 0.160607 
83 0.160607 
84 0.160607 
85 0.160607 
86 0.160607 
87 0.160607 
88 0.160607 
89 0.160607 
90 0.160607 
91 0.160606 
92 0.160606 
93 0.160606 
94 0.160606 
95 0.160606 
96 0.160606 
97 0.160606 
98 0.160606 
99 0.160606 
100 0.160606 
101 0.160606 
102 0.160606 
103 0.160606 
104 0.160606 
105 0.160606 
106 0.160606 
107 0.160605 
108 0.160605 
109 0.160605 
110 0.160605 
111 0.160605 
112 0.160605 
113 0.160605 
114 0.160605 
115 0.160605 
116 0.160605 
117 0.160605 
118 0.160605 
119 0.160605 
120 0.160605 
121 0.160605 
122 0.160605 
123 0.160605 
124 0.160605 
125 0.160605 
126 0.160605 
127 0.160605 
128 0.160605 
129 0.160605 
130 0.160605 
131 0.160605 
132 0.160605 
133 0.160605 
134 0.160605 
135 0.160604 
136 0.160604 
137 0.160604 
138 0.160604 
139 0.160604 
140 0.160604 
141 0.160604 
142 0.160604 
143 0.160604 
144 0.160604 
145 0.160604 
146 0.160604 
147 0.160604 
148 0.160604 
149 0.160604 
150 0.160604 
151 0.160604 
152 0.160604 
153 0.160604 
154 0.160604 
155 0.160604 
156 0.160604 
157 0.160604 
158 0.160604 
159 0.160604 
160 0.160604 
161 0.160604 
162 0.160604 
163 0.160604 
164 0.160604 
165 0.160604 
166 0.160604 
167 0.160604 
168 0.160604 
169 0.160604 
170 0.160604 
171 0.160604 
172 0.160604 
173 0.160604 
174 0.160604 
175 0.160604 
176 0.160604 
177 0.160604 
178 0.160604 
179 0.160604 
180 0.160604 
181 0.160604 
182 0.160604 
183 0.160604 
184 0.160604 
185 0.160604 
186 0.160604 
187 0.160604 
188 0.160604 
189 0.160604 
190 0.160604 
191 0.160604 
192 0.160604 
193 0.160604 
194 0.160604 
195 0.160604 
196 0.160604 
197 0.160604 
198 0.160604 
199 0.160604 
200 0.160604 
201 0.160604 
202 0.160604 
203 0.160604 
204 0.160604 
205 0.160604 
206 0.160604 
207 0.160604 
208 0.160604 
209 0.160603 
210 0.160603 
211 0.160603 
212 0.160603 
213 0.160603 
214 0.160603 
215 0.160603 
216 0.160603 
217 0.160603 
218 0.160603 
219 0.160603 
220 0.160603 
221 0.160603 
222 0.160603 
223 0.160603 
224 0.160603 
225 0.160603 
226 0.160603 
227 0.160603 
228 0.160603 
229 0.160603 
230 0.160603 
231 0.160603 
232 0.160603 
233 0.160603 
234 0.160603 
235 0.160603 
236 0.160603 
237 0.160603 
238 0.160603 
239 0.160603 
240 0.160603 
241 0.160603 
242 0.160603 
243 0.160603 
244 0.160603 
245 0.160603 
246 0.160603 
247 0.160603 
248 0.160603 
249 0.160603 
250 0.160603 
251 0.160603 
252 0.160603 
253 0.160603 
254 0.160603 
255 0.160603 
256 0.160603 
257 0.160603 
258 0.160603 
259 0.160603 
260 0.160603 
261 0.160603 
262 0.160603 
263 0.160603 
264 0.160603 
265 0.160603 
266 0.160603 
267 0.160603 
268 0.160603 
269 0.160603 
270 0.160603 
271 0.160603 
272 0.160603 
273 0.160603 
274 0.160603 
275 0.160603 
276 0.160603 
277 0.160603 
278 0.160603 
279 0.160603 
280 0.160603 
281 0.160603 
282 0.160603 
283 0.160603 
284 0.160603 
285 0.160603 
286 0.160603 
287 0.160603 
288 0.160603 
289 0.160603 
290 0.160603 
291 0.160603 
292 0.160603 
293 0.160603 
294 0.160603 
295 0.160603 
296 0.160603 
297 0.160603 
298 0.160603 
299 0.160603 
300 0.160603 
