1 -0.177764 
2 -0.177057 
3 -0.176926 
4 -0.176879 
5 -0.176858 
6 -0.176846 
7 -0.176839 
8 -0.176835 
9 -0.176832 
10 -0.17683 
11 -0.176828 
12 -0.176827 
13 -0.176826 
14 -0.176825 
15 -0.176824 
16 -0.176824 
17 -0.176823 
18 -0.176823 
19 -0.176823 
20 -0.176822 
21 -0.176822 
22 -0.176822 
23 -0.176822 
24 -0.176822 
25 -0.176822 
26 -0.176821 
27 -0.176821 
28 -0.176821 
29 -0.176821 
30 -0.176821 
31 -0.176821 
32 -0.176821 
33 -0.176821 
34 -0.176821 
35 -0.176821 
36 -0.176821 
37 -0.176821 
38 -0.176821 
39 -0.176821 
40 -0.176821 
41 -0.176821 
42 -0.176821 
43 -0.176821 
44 -0.176821 
45 -0.17682 
46 -0.17682 
47 -0.17682 
48 -0.17682 
49 -0.17682 
50 -0.17682 
51 -0.17682 
52 -0.17682 
53 -0.17682 
54 -0.17682 
55 -0.17682 
56 -0.17682 
57 -0.17682 
58 -0.17682 
59 -0.17682 
60 -0.17682 
61 -0.17682 
62 -0.17682 
63 -0.17682 
64 -0.17682 
65 -0.17682 
66 -0.17682 
67 -0.17682 
68 -0.17682 
69 -0.17682 
70 -0.17682 
71 -0.17682 
72 -0.17682 
73 -0.17682 
74 -0.17682 
75 -0.17682 
76 -0.17682 
77 -0.17682 
78 -0.17682 
79 -0.17682 
80 -0.17682 
81 -0.17682 
82 -0.17682 
83 -0.17682 
84 -0.17682 
85 -0.17682 
86 -0.17682 
87 -0.17682 
88 -0.17682 
89 -0.17682 
90 -0.17682 
91 -0.17682 
92 -0.17682 
93 -0.17682 
94 -0.17682 
95 -0.17682 
96 -0.17682 
97 -0.17682 
98 -0.17682 
99 -0.17682 
100 -0.17682 
101 -0.17682 
102 -0.17682 
103 -0.17682 
104 -0.17682 
105 -0.17682 
106 -0.17682 
107 -0.17682 
108 -0.17682 
109 -0.17682 
110 -0.17682 
111 -0.17682 
112 -0.17682 
113 -0.17682 
114 -0.17682 
115 -0.17682 
116 -0.17682 
117 -0.17682 
118 -0.17682 
119 -0.17682 
120 -0.17682 
121 -0.17682 
122 -0.17682 
123 -0.17682 
124 -0.17682 
125 -0.17682 
126 -0.17682 
127 -0.17682 
128 -0.17682 
129 -0.17682 
130 -0.17682 
131 -0.17682 
132 -0.17682 
133 -0.17682 
134 -0.17682 
135 -0.17682 
136 -0.17682 
137 -0.17682 
138 -0.17682 
139 -0.17682 
140 -0.17682 
141 -0.17682 
142 -0.17682 
143 -0.17682 
144 -0.17682 
145 -0.17682 
146 -0.17682 
147 -0.17682 
148 -0.17682 
149 -0.17682 
150 -0.17682 
151 -0.17682 
152 -0.17682 
153 -0.17682 
154 -0.17682 
155 -0.17682 
156 -0.17682 
157 -0.17682 
158 -0.17682 
159 -0.17682 
160 -0.17682 
161 -0.17682 
162 -0.17682 
163 -0.17682 
164 -0.17682 
165 -0.17682 
166 -0.17682 
167 -0.17682 
168 -0.17682 
169 -0.17682 
170 -0.17682 
171 -0.17682 
172 -0.17682 
173 -0.17682 
174 -0.17682 
175 -0.17682 
176 -0.17682 
177 -0.17682 
178 -0.17682 
179 -0.17682 
180 -0.17682 
181 -0.17682 
182 -0.17682 
183 -0.17682 
184 -0.17682 
185 -0.17682 
186 -0.17682 
187 -0.17682 
188 -0.17682 
189 -0.17682 
190 -0.17682 
191 -0.17682 
192 -0.17682 
193 -0.17682 
194 -0.17682 
195 -0.17682 
196 -0.17682 
197 -0.17682 
198 -0.17682 
199 -0.17682 
200 -0.17682 
201 -0.17682 
202 -0.17682 
203 -0.17682 
204 -0.17682 
205 -0.17682 
206 -0.17682 
207 -0.17682 
208 -0.17682 
209 -0.17682 
210 -0.17682 
211 -0.17682 
212 -0.17682 
213 -0.17682 
214 -0.17682 
215 -0.17682 
216 -0.17682 
217 -0.17682 
218 -0.17682 
219 -0.17682 
220 -0.17682 
221 -0.17682 
222 -0.17682 
223 -0.17682 
224 -0.17682 
225 -0.17682 
226 -0.17682 
227 -0.17682 
228 -0.17682 
229 -0.17682 
230 -0.17682 
231 -0.17682 
232 -0.17682 
233 -0.17682 
234 -0.17682 
235 -0.17682 
236 -0.17682 
237 -0.17682 
238 -0.17682 
239 -0.17682 
240 -0.17682 
241 -0.17682 
242 -0.17682 
243 -0.17682 
244 -0.17682 
245 -0.17682 
246 -0.17682 
247 -0.17682 
248 -0.17682 
249 -0.17682 
250 -0.17682 
251 -0.17682 
252 -0.17682 
253 -0.17682 
254 -0.17682 
255 -0.17682 
256 -0.17682 
257 -0.17682 
258 -0.17682 
259 -0.17682 
260 -0.17682 
261 -0.17682 
262 -0.17682 
263 -0.17682 
264 -0.17682 
265 -0.17682 
266 -0.17682 
267 -0.17682 
268 -0.17682 
269 -0.17682 
270 -0.17682 
271 -0.17682 
272 -0.17682 
273 -0.17682 
274 -0.17682 
275 -0.17682 
276 -0.17682 
277 -0.17682 
278 -0.17682 
279 -0.17682 
280 -0.17682 
281 -0.17682 
282 -0.17682 
283 -0.17682 
284 -0.17682 
285 -0.17682 
286 -0.17682 
287 -0.17682 
288 -0.17682 
289 -0.17682 
290 -0.17682 
291 -0.17682 
292 -0.17682 
293 -0.17682 
294 -0.17682 
295 -0.17682 
296 -0.17682 
297 -0.17682 
298 -0.17682 
299 -0.17682 
300 -0.17682 
