1 6.12303e-017 
2 0.5 
3 0.57735 
4 0.603553 
5 0.615537 
6 0.622008 
7 0.625898 
8 0.628417 
9 0.630142 
10 0.631375 
11 0.632287 
12 0.63298 
13 0.633519 
14 0.633946 
15 0.634291 
16 0.634573 
17 0.634807 
18 0.635003 
19 0.635169 
20 0.63531 
21 0.635432 
22 0.635538 
23 0.63563 
24 0.63571 
25 0.635782 
26 0.635845 
27 0.635901 
28 0.635952 
29 0.635997 
30 0.636038 
31 0.636075 
32 0.636108 
33 0.636139 
34 0.636167 
35 0.636192 
36 0.636216 
37 0.636237 
38 0.636257 
39 0.636275 
40 0.636292 
41 0.636308 
42 0.636323 
43 0.636337 
44 0.636349 
45 0.636361 
46 0.636372 
47 0.636383 
48 0.636392 
49 0.636402 
50 0.63641 
51 0.636418 
52 0.636426 
53 0.636433 
54 0.63644 
55 0.636447 
56 0.636453 
57 0.636459 
58 0.636464 
59 0.636469 
60 0.636474 
61 0.636479 
62 0.636484 
63 0.636488 
64 0.636492 
65 0.636496 
66 0.6365 
67 0.636503 
68 0.636507 
69 0.63651 
70 0.636513 
71 0.636516 
72 0.636519 
73 0.636522 
74 0.636524 
75 0.636527 
76 0.636529 
77 0.636531 
78 0.636534 
79 0.636536 
80 0.636538 
81 0.63654 
82 0.636542 
83 0.636544 
84 0.636546 
85 0.636547 
86 0.636549 
87 0.636551 
88 0.636552 
89 0.636554 
90 0.636555 
91 0.636557 
92 0.636558 
93 0.636559 
94 0.636561 
95 0.636562 
96 0.636563 
97 0.636564 
98 0.636565 
99 0.636566 
100 0.636567 
101 0.636568 
102 0.636569 
103 0.63657 
104 0.636571 
105 0.636572 
106 0.636573 
107 0.636574 
108 0.636575 
109 0.636576 
110 0.636576 
111 0.636577 
112 0.636578 
113 0.636579 
114 0.636579 
115 0.63658 
116 0.636581 
117 0.636582 
118 0.636582 
119 0.636583 
120 0.636583 
121 0.636584 
122 0.636585 
123 0.636585 
124 0.636586 
125 0.636586 
126 0.636587 
127 0.636587 
128 0.636588 
129 0.636588 
130 0.636589 
131 0.636589 
132 0.63659 
133 0.63659 
134 0.636591 
135 0.636591 
136 0.636591 
137 0.636592 
138 0.636592 
139 0.636593 
140 0.636593 
141 0.636593 
142 0.636594 
143 0.636594 
144 0.636595 
145 0.636595 
146 0.636595 
147 0.636596 
148 0.636596 
149 0.636596 
150 0.636597 
151 0.636597 
152 0.636597 
153 0.636597 
154 0.636598 
155 0.636598 
156 0.636598 
157 0.636599 
158 0.636599 
159 0.636599 
160 0.636599 
161 0.6366 
162 0.6366 
163 0.6366 
164 0.6366 
165 0.636601 
166 0.636601 
167 0.636601 
168 0.636601 
169 0.636601 
170 0.636602 
171 0.636602 
172 0.636602 
173 0.636602 
174 0.636602 
175 0.636603 
176 0.636603 
177 0.636603 
178 0.636603 
179 0.636603 
180 0.636604 
181 0.636604 
182 0.636604 
183 0.636604 
184 0.636604 
185 0.636604 
186 0.636605 
187 0.636605 
188 0.636605 
189 0.636605 
190 0.636605 
191 0.636605 
192 0.636606 
193 0.636606 
194 0.636606 
195 0.636606 
196 0.636606 
197 0.636606 
198 0.636606 
199 0.636607 
200 0.636607 
201 0.636607 
202 0.636607 
203 0.636607 
204 0.636607 
205 0.636607 
206 0.636607 
207 0.636608 
208 0.636608 
209 0.636608 
210 0.636608 
211 0.636608 
212 0.636608 
213 0.636608 
214 0.636608 
215 0.636608 
216 0.636609 
217 0.636609 
218 0.636609 
219 0.636609 
220 0.636609 
221 0.636609 
222 0.636609 
223 0.636609 
224 0.636609 
225 0.636609 
226 0.63661 
227 0.63661 
228 0.63661 
229 0.63661 
230 0.63661 
231 0.63661 
232 0.63661 
233 0.63661 
234 0.63661 
235 0.63661 
236 0.63661 
237 0.63661 
238 0.636611 
239 0.636611 
240 0.636611 
241 0.636611 
242 0.636611 
243 0.636611 
244 0.636611 
245 0.636611 
246 0.636611 
247 0.636611 
248 0.636611 
249 0.636611 
250 0.636611 
251 0.636611 
252 0.636612 
253 0.636612 
254 0.636612 
255 0.636612 
256 0.636612 
257 0.636612 
258 0.636612 
259 0.636612 
260 0.636612 
261 0.636612 
262 0.636612 
263 0.636612 
264 0.636612 
265 0.636612 
266 0.636612 
267 0.636612 
268 0.636612 
269 0.636613 
270 0.636613 
271 0.636613 
272 0.636613 
273 0.636613 
274 0.636613 
275 0.636613 
276 0.636613 
277 0.636613 
278 0.636613 
279 0.636613 
280 0.636613 
281 0.636613 
282 0.636613 
283 0.636613 
284 0.636613 
285 0.636613 
286 0.636613 
287 0.636613 
288 0.636613 
289 0.636614 
290 0.636614 
291 0.636614 
292 0.636614 
293 0.636614 
294 0.636614 
295 0.636614 
296 0.636614 
297 0.636614 
298 0.636614 
299 0.636614 
300 0.636614 
