-1.363349599839626669e-01
-1.525932286729009824e-01
1.249886315041707496e-01
4.737722839130361074e-01
1.168535362239615072e+00
1.834765555033686102e+00
2.137379342728715326e+00
2.328054348070478508e+00
2.434875213868461064e+00
2.271284759254740937e+00
1.896796226280023756e+00
1.351421990345485380e+00
7.432196982255048212e-01
2.223198781923629852e-01
-5.371057969834502899e-03
-9.834604998985475854e-02
1.010139180374974334e-02
1.681419114850032925e-02
-1.228588031510224610e-01
8.258842537159347130e-02
-5.430820377987269354e-02
-3.827042808192437917e-01
-5.000876961662854558e-01
-6.291723143289236209e-01
-6.977275003712437584e-01
-7.550356187222497795e-01
-9.943054453888946487e-01
-1.041896264158699958e+00
-1.140698268424738648e+00
-9.537845617505573692e-01
-5.500324584876312706e-01
-3.280051047957228683e-01
-1.753077122256516684e-01
-3.550148366204297634e-02
2.496284628145785667e-01
7.610888295317336238e-01
1.637021800867154431e+00
2.188128490052690278e+00
1.999452467593886285e+00
1.437046223104582854e+00
6.603143032042584348e-01
-3.967598990291862915e-01
-1.364273899554098168e+00
-1.941864706108976213e+00
-1.995277482423917448e+00
-1.694432626495078198e+00
-1.423567641135944140e+00
-1.096905067723813465e+00
-1.182099991570672692e+00
-1.210666787832890501e+00
-1.117064522620676126e+00
-1.314834805575173737e+00
-1.389539732682293138e+00
-1.328336025858638747e+00
-9.813100481536674025e-01
-6.854186464052209882e-01
-5.019955379035816456e-01
-6.691181816408904304e-01
-1.100494858162702316e+00
-1.405913637689138351e+00
-1.526557571255468870e+00
-1.561463148062706363e+00
-1.466646001267762012e+00
-1.458931117401770727e+00
-1.135013928162177832e+00
-1.039460645632547031e+00
-1.148579075614129197e+00
-1.138334319691468810e+00
-8.602964464268862965e-01
-4.851472041222537612e-01
-2.731945557610881981e-02
6.475200217368324296e-01
1.364591110374450356e+00
1.714191549235745349e+00
1.975790270534553805e+00
1.845285464108294970e+00
1.560219723547601411e+00
1.098869422756397540e+00
9.435469816376071961e-01
5.335471624731007445e-01
4.829001154577461374e-02
-4.117689016372518829e-01
-1.171286419273556145e+00
-1.720635301970978581e+00
-1.957676737597656036e+00
-1.790007225829184367e+00
-1.330616362118960616e+00
-8.484093371371055348e-01
-3.002607985940553004e-01
4.930853608550167522e-03
2.388597333587709759e-01
5.143397366095163736e-01
4.995753279027835836e-01
2.946762598449466086e-01
-1.175283642329010281e-01
-7.088597557975385710e-01
-1.035965638776877196e+00
-1.096858271140764174e+00
-8.632043578625565594e-01
-7.848686824250772354e-01
-9.070220484005688810e-01
-6.159723333706084158e-01
-1.973320631294193106e-01
1.251686196738266421e-01
2.299920374011997781e-01
-1.336753728166034105e-01
-3.288032351001023423e-01
-4.017884467245667612e-01
-3.280721498618953680e-01
-8.753277230469219683e-02
6.605044442191133625e-01
1.028879942378793988e+00
9.573908627015267347e-01
9.347093497250995586e-01
4.439646563357347864e-01
-1.482256208152341603e-01
-9.486105689006699704e-01
-1.788559837389411156e+00
-2.127377469533886067e+00
-2.207804179897300934e+00
-2.304537356041874485e+00
-2.626755868701630803e+00
-2.782638015321345915e+00
-2.858323415366393228e+00
-2.453633107635877497e+00
-1.557913162188835798e+00
-6.882364282797377442e-01
1.813983318942202771e-01
8.183848379506575288e-01
1.001627101580471635e+00
1.407897665500139395e+00
1.985375872908011097e+00
2.304725438708362439e+00
1.935222368548079164e+00
1.200954751929140585e+00
4.686376083596242026e-01
-1.279341562120883680e-02
-2.697001261579503040e-01
-4.107592924510579113e-01
-4.635061023759829424e-01
-8.833194738188208106e-01
-1.179068160475082783e+00
-1.071773145775826608e+00
-5.852656092450294611e-01
-3.668858866512330064e-01
5.454009772580992177e-02
3.090528073423703947e-02
-1.186047054541014278e-01
-1.484264631796658462e-01
-2.437794845125468568e-01
-1.330157837168560175e-01
2.619015750656852326e-01
3.642977549273500038e-01
3.080546826083050416e-01
3.519426896865590071e-01
2.731827380686291384e-01
9.469180577258351494e-02
-1.552569152411918396e-01
-3.505815040879385891e-01
-2.532183743616692184e-01
-1.938727161846642288e-01
-3.221127173310242564e-01
-5.756946782793097572e-01
-5.333008703184944910e-01
-5.942470222650051426e-01
-6.002662643002691922e-01
-2.424255186560413389e-01
5.383693361447616788e-02
1.395334141643642389e-01
3.789776290373485512e-01
5.667975445597958073e-01
8.225492520858248557e-01
1.239996773480894987e+00
1.561528047250739126e+00
2.010228979436738062e+00
1.986885238376342455e+00
1.850349250912736387e+00
1.686774483434789085e+00
1.630034301187550660e+00
1.687509359882183757e+00
1.510436383557113516e+00
1.068354418674950734e+00
5.979666670709971044e-01
1.690157342192424306e-01
-1.772733035217032849e-01
-2.438960394244161223e-01
-2.154401084014964107e-01
-3.408695237484293261e-01
-4.079829775407913806e-01
-2.973818035215050615e-01
-3.292804309149971465e-02
4.085953390635821414e-01
8.577136220003052092e-01
1.241398745155131600e+00
1.230578528722230613e+00
8.467288989285348677e-01
3.382801429299566731e-01
-4.636530666061393635e-01
-1.077957369700184742e+00
-1.470234252318004975e+00
-1.513216035074938404e+00
-1.519464260607066963e+00
-1.341058824431531349e+00
-9.246021774655852621e-01
-4.131244510852372098e-01
4.074989206492607430e-01
1.063917967322126845e+00
1.408746662326639587e+00
1.532242683626406698e+00
1.252141072480978057e+00
6.049925583338313650e-01
-2.298086630806104314e-01
-1.046619499742870385e+00
-1.724373263427059655e+00
-2.146254630921696105e+00
-2.246784632808394466e+00
-2.256151759560514947e+00
-2.315603872300348254e+00
-2.097430839066766417e+00
-1.619854253299096047e+00
-9.681584315498525939e-01
-1.909423978030404534e-01
2.517194943943944496e-01
2.703935981562274327e-01
2.490786167259161354e-01
5.139885692699645015e-01
6.994140134030693012e-01
4.788981496383692971e-01
1.200249919646061425e-01
2.748534414420911176e-02
-4.096195441370189538e-01
-9.953897702055365393e-01
-1.481075912079593326e+00
-1.935076672444964618e+00
-1.983076193127354614e+00
-1.675883856050169207e+00
-1.265155641466052305e+00
-6.657717343537092880e-01
2.274001818848638834e-01
1.111836020935932812e+00
1.688171275553987272e+00
1.814819656465163966e+00
1.837185380445406135e+00
1.334612548204932025e+00
6.776303815507085382e-01
2.403766332544212680e-01
1.549198812446366258e-01
2.118389480582155704e-02
-9.231672306791166571e-02
2.143701734414157900e-02
-5.309206503408131494e-04
-4.167882144989804027e-02
-1.129188803297850735e-01
-4.508367564569056296e-01
-6.086764442829341037e-01
-6.067525975436716124e-01
-4.755239157432286090e-01
-4.927916835353269853e-01
-5.607282218085546388e-01
-6.478810016433389496e-02
9.021346629313512500e-01
1.668905925887775421e+00
2.256685451350451288e+00
2.516310979904959222e+00
2.165369671283181141e+00
1.299260336520233761e+00
1.010226491900256818e-01
-1.093675649324321597e+00
-2.433651998319358523e+00
-3.882998917300501063e+00
-4.900999538512838427e+00
-5.208515907997197658e+00
-4.499331465919949480e+00
-3.365019224307117085e+00
-1.721414671375802286e+00
-2.929500662114943310e-01
9.672278206046904803e-01
1.677065499581075203e+00
2.132908545206375628e+00
2.585128297611856141e+00
2.232359606047794820e+00
1.214701032276655379e+00
-8.767410012919363282e-03
-7.369688416514961204e-01
-1.095682613055380061e+00
-1.066322494171861868e+00
-9.422903509427651425e-01
-5.623799829809468243e-01
1.955898781980771606e-01
6.603212433871183951e-01
7.936110721111495625e-01
9.216871421658776597e-01
1.381364555024683805e+00
1.672877261120679027e+00
1.701403199219696516e+00
1.562765822680387551e+00
1.584260828307245683e+00
1.596879932876355213e+00
1.779959676436892790e+00
1.827864617656988599e+00
1.800926878832120659e+00
1.703005252678848613e+00
1.307601795384981225e+00
7.186140642630767239e-01
3.259788499384694838e-01
-7.532964331365277211e-02
-4.021829005029313731e-01
-3.057612333862606557e-01
-2.644379726255327023e-01
-3.908756068661342620e-01
-3.627539583421359737e-01
-5.194122089209420867e-01
-7.492378726267412414e-01
-9.064386683588856464e-01
-7.048964248127225218e-01
-3.636938299047418610e-01
7.195718484643498503e-02
2.373222427949548963e-01
-7.047387505227237225e-03
-3.380873076179364833e-01
-4.716297757487322162e-01
-5.181050176033011878e-01
-6.792328400074070238e-01
-9.084078330587691541e-01
-7.908041256627065252e-01
-2.786938788105367548e-01
2.600409721932006590e-02
3.134507449824028291e-01
8.472031216901070305e-01
1.223016682090964480e+00
1.655212354454381307e+00
2.059345061903720353e+00
2.524523675450015325e+00
2.885537560794653178e+00
2.783416772988238641e+00
2.206326157383224906e+00
1.419490970945981978e+00
5.737456025328411258e-01
-2.396500837286592578e-01
-8.368125470657805653e-01
-1.393046105910877186e+00
-1.514777753215738043e+00
-1.319786498879964354e+00
-8.016270982712134785e-01
-6.635972478629903470e-01
-6.511538730388886087e-01
-8.552978360106182620e-01
-7.993226048086341518e-01
-3.914804021058793104e-01
1.461576344171140462e-01
8.102198584971792572e-01
1.593601060914910050e+00
1.975119121447411530e+00
2.164090348415448339e+00
2.437974437179462939e+00
2.385137872608770415e+00
2.032262389784228240e+00
1.456325101768900065e+00
8.541960756020872125e-01
4.071484060152437134e-01
-8.535240072957805957e-03
-1.889129875571349537e-01
-3.983039716467026703e-01
-3.186828804581396390e-01
3.110144425203831275e-02
4.227508944979141980e-01
7.921974258672296321e-01
9.892447295709061450e-01
1.087662361803123368e+00
1.032860709932503784e+00
9.165026672239036110e-01
6.105686055986074834e-01
1.315326296680485729e-01
-2.962728418112358653e-01
-6.459622551291128723e-01
-7.903319197590017442e-01
-6.937230719750195895e-01
-5.046182711232152229e-01
-3.122777317700915489e-01
-2.692932994209187303e-01
-1.485368880765972621e-01
1.053464578888942127e-01
2.689429195878799694e-01
2.971184695264392772e-01
4.528751779403598077e-01
6.285936805571373798e-01
8.589849664169429966e-01
8.528788654874336350e-01
6.553070212925867777e-01
2.226570681695011489e-01
-1.414516807959401712e-01
-2.453854756841808427e-01
-2.046797746201401424e-01
-2.062033792790109454e-01
-3.087354255477992582e-01
-5.231233455722517078e-01
-5.199192288696812270e-01
-2.808301568058992892e-01
-8.094801370051174505e-02
3.008199189784468985e-01
2.722885489465383668e-01
2.108193201476235568e-01
2.483762860878700462e-01
6.933989214755778008e-01
9.214516849420355538e-01
9.971918386663090050e-01
1.108098023224509676e+00
8.731814046004455765e-01
7.350233644232904151e-01
3.035401316018730977e-01
-1.546747810731915473e-01
-3.289455299047082115e-01
-1.796321656908780873e-01
-1.493954227095327103e-01
-1.992233381782023138e-01
-2.623528792857571790e-01
-3.443308390551697573e-01
-1.549918304635398147e-01
2.378419031317032806e-01
7.453838556249458014e-01
1.192893287982157435e+00
1.590886478171928964e+00
1.739377913117823304e+00
1.716162659365255472e+00
1.469313606513559911e+00
1.063190768574709288e+00
8.965555378122234131e-01
7.697019244733636079e-01
5.552241644037514412e-01
4.643384362840274893e-01
6.022333193906266313e-01
7.093285853459145862e-01
5.154292784729894716e-01
2.443135838891998812e-01
2.490902924972313581e-01
6.552434748434602385e-01
9.131196212825238856e-01
1.027570754949585830e+00
1.137893585170808075e+00
1.217833527721193576e+00
1.078203123689319254e+00
8.365486137853794801e-01
4.553420311457594405e-01
-2.429163093859683098e-01
-6.149785783623944457e-01
-8.310419943740681159e-01
-1.137657700931258731e+00
-1.483907372461177543e+00
-1.444873654415073538e+00
-1.399408123377326563e+00
-1.376549794245422564e+00
-1.340786054456294396e+00
-1.264086979333923111e+00
-9.309215410824538406e-01
-3.833846688735578212e-01
2.224714839093907548e-01
6.094125824627643073e-01
4.166995372491850702e-01
3.157462666972676857e-02
-3.570981783217819228e-01
-7.085972926887548207e-01
-8.758260532458890246e-01
-8.323526234829842219e-01
-6.681518542828082108e-01
-3.450075169426586319e-01
1.047907261202325468e-01
1.543656908568797892e-01
-1.828516838189772897e-01
-3.289068493405146176e-01
-1.766721150806367657e-01
-2.707824095230859651e-01
-4.139544582533386530e-01
-5.070005998040724160e-01
-8.421097777876879187e-02
2.805422000106473912e-01
6.674570985130501288e-01
7.026103346877929923e-01
5.544734870310512598e-01
4.567669388861557156e-01
5.502032695439678101e-01
3.830744784103897738e-01
8.070803168754048240e-02
-4.982932574984488272e-01
-1.235530888121042725e+00
-1.591523688505323220e+00
-1.381052215817190731e+00
-1.100474723419171186e+00
-3.478939388498158980e-01
3.554987924554020573e-01
3.885431185645024099e-01
4.833794021746162795e-01
7.265172550421793440e-01
7.780824519183706656e-01
9.439005737118589812e-01
1.064638329564413732e+00
1.144425872488256335e+00
1.047625792125176813e+00
6.853934105913401797e-01
5.848619121705451729e-01
3.907366888698011742e-01
7.849180537546427416e-01
9.667468273050046079e-01
7.632223514667992870e-01
3.772341760350801376e-01
1.760196575100765326e-01
4.213851793769848308e-01
7.031188413648629121e-01
7.910878845550878280e-01
5.715966402779751876e-01
4.088419931177341704e-01
4.658339090331365950e-01
5.639482004016275196e-01
5.935576765453919323e-01
4.514467135536649467e-01
-5.395030262624367356e-02
-2.028932309134956757e-01
-1.391936279092518269e-01
-1.468545169364332825e-01
6.196008859144230829e-03
2.437760908306918217e-01
2.191819315781374788e-01
2.790030888523484798e-01
3.373660252194480291e-01
2.601081943421454934e-01
2.398974672057017088e-01
1.791123188612256389e-01
3.262611768756397135e-01
1.914106220174785489e-01
1.569873766092765299e-01
1.317650116930423887e-01
2.840505269782399589e-01
6.494233575127741354e-01
1.066465962728242900e+00
1.410424036158272276e+00
1.486802522979446373e+00
1.380971546275324258e+00
1.026122680956048416e+00
5.542967898244743896e-01
4.653284441955785056e-03
-6.333395557428489475e-01
-1.262349738112807485e+00
-1.411435580295040904e+00
-1.484554281199663039e+00
-1.257979948486386945e+00
-9.056240562616231227e-01
-6.422914428641774975e-01
-4.477178206738656741e-01
-2.391626086765857861e-01
-3.561702095139321900e-01
-5.239005563763695639e-01
-7.044490184854753645e-01
-7.713428442607549451e-01
-8.725216862492691794e-01
-1.211252922852601444e+00
-1.630698364423458280e+00
-1.674422713824253339e+00
-1.553050145963148942e+00
-1.307631891462147866e+00
-7.206015636915266143e-01
-1.898392594158002655e-01
-1.283453453477272355e-01
-3.820208290232438575e-01
-5.393459389545375293e-01
-1.574427089345139530e-01
4.609015964394276299e-01
9.517979515971606297e-01
1.561958128624678421e+00
1.848325937178277201e+00
2.037391475244599626e+00
2.479302569969124015e+00
2.565801197374212528e+00
2.255525410255055263e+00
1.568108183438432945e+00
1.097334738106448437e+00
3.469938304729360823e-01
-2.414550601313825151e-01
-3.312420871806102673e-01
-2.359886448662437686e-01
-5.001574270762760843e-01
-5.904393077562908321e-01
-3.628396835702182299e-01
-2.527853023369397434e-02
4.824782062754732759e-01
8.981657808765303175e-01
1.195361807169792900e+00
1.222301407789282202e+00
1.006570207036888487e+00
6.470588278249296277e-01
5.138917936574642908e-01
3.840687470396639824e-01
8.562818786917048008e-02
-4.093700274005859230e-01
-7.838394847782576003e-01
-8.589250870433146057e-01
-9.191088722179759918e-01
-1.158784014001009499e+00
-1.321171962031192137e+00
-1.119134205870726095e+00
-8.823429656935188881e-01
-6.303283000425332627e-01
-1.598096378852364996e-01
3.987315291622536839e-01
1.013704482097521842e+00
1.345957671431839309e+00
1.839022641329102425e+00
2.318096733754420935e+00
2.356949385078717540e+00
1.864958046599404451e+00
7.838558990459869591e-01
-3.972248337810557750e-02
-7.282599450770982363e-01
-1.204354842332423070e+00
-1.285150444820690740e+00
-1.267132216896188490e+00
-1.107568036037998915e+00
-1.308451508828595733e+00
-1.421696926258922744e+00
-1.196293939593182865e+00
-8.290291956772799509e-01
-4.090484076068248154e-01
9.690568921123576818e-02
1.874465042955250627e-01
2.937741245628812670e-01
4.396127052380903177e-01
7.055768905658379442e-01
1.530126409468500093e+00
2.287007021827074382e+00
2.801681067730968699e+00
2.864643016044730928e+00
2.564873370108295525e+00
2.015098274438721582e+00
8.499725888100617688e-01
8.830832186617021407e-02
-8.869775722794102091e-01
-2.016798732289588614e+00
-3.124248441061235226e+00
-3.949746932696544199e+00
-4.388009521868701412e+00
-4.327465702347484289e+00
-4.212723753973369512e+00
-3.744475097934928165e+00
-2.838283350344630307e+00
-1.953710052028589494e+00
-7.975816264073620765e-01
3.251853556961017411e-01
1.416377735610155897e+00
1.834276040775281391e+00
1.828309054323193683e+00
1.603892418368761064e+00
1.090598427226196820e+00
1.007874763348598712e+00
1.004070280946867344e+00
8.335874603496347124e-01
6.121440533332151990e-01
1.580954991121831243e-01
-3.806102516018743387e-01
-6.322624756174698435e-01
-8.946815564092454043e-01
-1.320913219095766422e+00
-1.693972548163858560e+00
-1.821040907113264939e+00
-1.917428684362546099e+00
-1.797765299262690686e+00
-1.278957162734813524e+00
-9.382627757591164297e-01
-6.480644365607732826e-01
-5.091476613392282857e-01
-4.415565864624877435e-01
-4.551290896684127008e-01
-7.602477097568416387e-01
-8.523122304080773537e-01
-5.689823532171787157e-01
1.338115138084272626e-02
1.077118018528457455e+00
2.040607340515731227e+00
2.583875514725598954e+00
2.701842786105556282e+00
2.862259415740289192e+00
2.716285600037905201e+00
2.270251834356118437e+00
1.598009107903870518e+00
1.158485958648491909e+00
4.846916168354291621e-01
-1.911543503288859469e-01
-5.579919952740788336e-01
-9.244771123327348850e-01
-1.341873333573081917e+00
-1.733173821706538886e+00
-1.979634166685751095e+00
-2.104318660836987931e+00
-1.665430417939920860e+00
-5.238610688354610190e-01
4.426545563280142037e-01
1.344758342973712661e+00
2.232282151746588283e+00
2.549422902762602305e+00
2.438078083451441280e+00
2.189553783991767588e+00
1.377912304563000845e+00
5.268573281700019706e-01
-3.301251693251874286e-01
-1.188047401757210242e+00
-1.896929967249081805e+00
-2.120310896291311309e+00
-1.823956028517731642e+00
-1.425836281242901293e+00
-1.043288545569815984e+00
-6.046778890961954644e-01
-3.959210761062457173e-01
-4.811609541972017290e-03
2.901966006678711185e-01
6.397129395157433729e-01
9.227058700692591930e-01
1.129258781378490006e+00
8.414454537780029497e-01
4.544695822970259425e-01
-3.701904747180473354e-02
-8.723845106665792937e-01
-1.546320991722998528e+00
-1.938547214920244288e+00
-1.745715485281510215e+00
-1.111552406256089531e+00
-3.102354547558214826e-01
3.790256880127680361e-01
1.101925781033259222e+00
1.305902484313691492e+00
1.075244175030342086e+00
5.160195750585405694e-01
-1.266682346267764547e-01
-5.731534527028089299e-01
-1.222991823655723120e+00
-1.739374219266085930e+00
-1.817099514031347063e+00
-1.441649695791025199e+00
-8.854647236512525055e-01
-4.539004105824768764e-01
-2.077229807618283797e-01
4.124784154611071951e-01
7.686879482197023217e-01
8.055859405311820431e-01
7.479696351011030364e-01
2.369415074770484519e-01
-2.954404160185398198e-01
-1.072681792531225309e+00
-1.735738444377711076e+00
-1.931291559343702779e+00
-1.903119281911944682e+00
-2.144928602259482453e+00
-2.080722349309590768e+00
-1.693815037015267144e+00
-9.047342811240310922e-01
-1.868662152278866007e-01
6.737430539623001646e-02
3.068322001899983498e-01
4.396313374773542781e-01
3.185883952064151314e-01
1.189083593119731885e-01
1.244105461792381906e-01
3.481687801870056997e-01
4.658161219434997502e-01
4.795718432239310935e-01
5.051918270629102148e-01
6.338971289999861813e-02
-4.762868218024726708e-01
-9.493649305030886776e-01
-1.717824887620353014e+00
-2.337930271334821342e+00
-2.068524425068779315e+00
-1.488586158373626844e+00
-1.172643920429762510e+00
-4.488880382463984464e-01
2.060082964095204527e-01
4.721142169060525973e-01
6.214756897492687004e-01
7.872738461772081919e-01
7.650967861813188220e-01
7.265343153846024471e-01
7.499048933436432973e-01
6.822000666963217164e-01
7.087269880678838119e-01
8.905913941485463781e-01
1.115397197427693055e+00
9.560320261592571978e-01
5.751504275294279100e-01
-5.397504648021844709e-02
-5.701511932726908150e-01
-1.091923704664877537e+00
-9.148480271909218420e-01
-4.348935720005571159e-01
-1.673182870221703311e-01
-1.470975902471016727e-02
-8.181080744740562571e-02
-2.474708245168175808e-02
1.671591994986662832e-01
1.282558882458693927e-01
-1.201282762097500567e-01
-3.660683471615299722e-01
-2.889268964882253377e-01
5.860289338424473637e-03
1.624713826700891484e-01
6.587481266867292740e-02
-2.358818718189848451e-01
-3.944330477748209107e-01
-4.476318051783998997e-01
-4.378375377062845297e-01
-4.078028500599702455e-01
8.414064194748288594e-02
3.930710071836850394e-01
7.619564169534525089e-01
1.239809809209676761e+00
1.443577103095716962e+00
1.241583175359535218e+00
1.061736512468800742e+00
5.852737434235861791e-01
-2.307425869109871464e-01
-7.761286979952438658e-01
-1.497231699825270157e+00
-2.023566066165991106e+00
-2.179259507282326425e+00
-1.910087393246057808e+00
-1.845119833328110026e+00
-1.916505084735548703e+00
-1.813872228651163265e+00
-1.656559039227794905e+00
-1.381305280273389613e+00
-1.163317327759935793e+00
-7.462055880573044142e-01
-4.071467999728042297e-01
4.149596751582185217e-02
2.067769112626072214e-02
-3.030391393295525648e-01
-8.174409321668472117e-01
-9.962222211866644805e-01
-1.085910893178960501e+00
-1.084588565294005047e+00
-9.311277235289334708e-01
-8.246845462833221063e-01
-1.222545428029249814e+00
-1.546009587080027003e+00
-1.693918925603946635e+00
-1.573612415660561759e+00
-1.472714187696021026e+00
-1.175323442439001997e+00
-8.579170900445747261e-01
-4.103830220241326820e-01
-1.779298577748842369e-01
-5.919193000096101276e-02
2.156119195901532448e-01
1.480481801611676640e-01
1.853414072562500903e-01
6.492006252356017360e-01
8.331315648822370523e-01
1.057826878182120067e+00
1.247586476464505045e+00
1.153264920787509196e+00
3.929808407330313003e-01
-9.301229117162075344e-01
-2.083631519974747714e+00
-2.566989378748509409e+00
-2.624368051451271722e+00
-2.281193668420918641e+00
-1.435767271480501872e+00
-6.893396594698524282e-01
-5.072230245543707383e-03
4.805859799016147793e-01
8.802360831541828912e-01
1.191914314538128794e+00
1.440756059827472901e+00
1.257882027467504882e+00
6.115319474889167051e-01
-3.397943501077644868e-01
-1.556313357833324362e+00
-2.512471230255881149e+00
-3.218714198970952900e+00
-3.412490515267843083e+00
-3.373323033060166232e+00
-3.460586449950202148e+00
-3.036412404154093636e+00
-2.281068317062385109e+00
-1.149206254136238670e+00
-1.358166169783019406e-01
1.011160225772429255e+00
1.901583452318754475e+00
2.255672655305213326e+00
2.441706362263036389e+00
2.341688786964130742e+00
2.052698481705892419e+00
1.514372104817345299e+00
8.798871385119846344e-01
9.608111808021591038e-02
-8.176748630857110234e-01
-1.727767940518063039e+00
-2.107583554694846928e+00
-2.346239723653634091e+00
-2.386721186527811067e+00
-2.028795579218666045e+00
-1.131862577548569337e+00
-4.506053784428432074e-01
2.647289016369902548e-01
9.362491616407216943e-01
1.387706840579737921e+00
1.269080935860655401e+00
1.126696963190199074e+00
7.975378255988432308e-01
3.886477445692637644e-01
2.142114434805062473e-01
3.829320713000069487e-01
4.602139521030097491e-01
6.047290742445675660e-01
1.061422306152250306e+00
1.822435379692892710e+00
2.413998305250243170e+00
2.487428022002256434e+00
2.456436772733232132e+00
2.121897295265068095e+00
1.452022945839164247e+00
6.015160393567917652e-01
-1.750086052549897353e-01
-8.227929916504821417e-01
-1.571805107116948541e+00
-2.038482454370707408e+00
-2.237605287959695488e+00
-2.195587937735608897e+00
-2.020861686882148511e+00
-1.852506204300301107e+00
-1.492196970374919385e+00
-1.264862738290103206e+00
-1.086187660980889813e+00
-9.699808011920336703e-01
-7.531509860179588234e-01
-2.554744307950471693e-01
-1.674287352937842144e-03
4.119375702297508046e-01
8.092327330769001348e-01
1.231471584009967923e+00
1.490561559992877427e+00
1.683161785100302676e+00
1.669899898195397192e+00
1.172918924677361918e+00
8.645715357185013161e-01
6.470070360609796456e-01
2.012380738327461671e-01
-3.839229460063415811e-01
-1.029327877775338074e+00
-1.344186874939472531e+00
-1.446251561537212904e+00
-1.768129097879438838e+00
-1.929703952243461362e+00
-2.037791893468347659e+00
-2.065122966480631650e+00
-2.030459439664812571e+00
-1.614887274653192595e+00
-9.375074656534376771e-01
-1.833919889748147902e-02
6.767242013249474830e-01
9.475356101610243886e-01
7.520206866851055771e-01
4.417625473908879385e-01
2.594569728545694787e-01
-9.217848683216051109e-02
-7.632987696023213475e-02
2.161066649161524078e-01
2.870272632138933244e-01
2.683409867745248922e-01
2.280730426657934795e-01
-2.187756372045256414e-01
-4.736697818929956338e-01
3.113570715514728526e-01
1.553103230124177170e+00
2.791100847204222024e+00
3.947447915497765525e+00
4.575290819545696053e+00
4.669822462257876339e+00
4.034798010824134806e+00
2.889565560485188200e+00
1.287242871400605004e+00
-1.309558971223667712e-02
-1.109582490682844869e+00
-2.062969503899808821e+00
-2.329984149110191360e+00
-2.717007283566178266e+00
-2.545548584291832839e+00
-2.395760867175214415e+00
-2.311977639015864838e+00
-2.021634686176610352e+00
-1.845173828953534212e+00
-1.916574626945883875e+00
-2.056748410651135117e+00
-1.907955250036590389e+00
-1.861029695550270091e+00
-1.763616981890916868e+00
-1.640293871178505114e+00
-1.426734041455617774e+00
-1.120243010159430064e+00
-5.233072165541154952e-01
4.493140681923368795e-02
4.538219668965542408e-01
6.269435840865216214e-01
7.035772268617719316e-01
5.823006303246323068e-01
